247342995424501953
2121557357338681814
6774116035642744812
423607902978963567
4054725331537184117
5434512333898657896
2201685089949378463
565434923505461159
6733506040300174429
2593879335788564192
41558219900961310
250157512710839598
399524939153446443
8498647076828789382
6371375993725688988
2868197802264912871
8907366240589450
1865680139119857764
8591078023143398625
6446394566584594639
1273893965374940786
3279947908107516544
3521799682941738728
2209694208402509430
4523131123762656961
3148517580670912301
8884590813526021575
219065893669626744
1736492447727538820
7298811426308607163
