0,1,2,3,4,5,6,7,8,9,10,11,12,13,14,15,16,17,18,19,20,21,22,23,24,25,26,27,28,29,30,31,32,33,34,35,36,37,38,39,40,41,42
0,1,2,3,4,5,6,7,8,9,10,11,12,13,14,15,16,17,18,19,20,21,22,23,24,25,26,27,28,29,30,31,32,33,34,35,36,37,38,39,40,41,42,43,44,45,46,47,48,49,50,51,52,53,54
0,1,2,3,4,5,6,7,8,9,10,11,12,13,14,15,16,18,19,20,21,22,23,24,25,26,27,28,29,30,31,32,33,34,35,36,37,38,39,40,41,42,43,44
0,1,2,3,4,5,6,7,8,9,14,15,16,17,18,19,20,21,22,23,24,25,26,27,28,29,30,31,32,33,34,35,36,37,38,39,40,41
0,1,2,3,4,5,6,7,8,9,10,12,16,17,18,19,20,21,22,23,24,25,26,27,28,29,30,31,32,33,34,35,36,37,38,39,40,41,42,43,44,45,46,47
0,1,2,3,4,5,6,7,8,9,10,11,21,22,23,24,25,26,27,28,29,30,31,32,33,34,35,36,37,38,39,40,41,42,43,44,45,46,47,48,49,50,51,52
0,1,2,3,4,5,6,7,8,9,10,11,22,23,24,25,26,27,28,29,30,31,32,33,34,35,36,37,38,39,40,41,42,43,44,45,46,47,48,49
0,1,2,3,4,5,6,7,8,9,10,11,12,13,14,26,27,28,29,30,31,32,33,34,35,36,37,38,39,40,41,42,43,44,45,46,47,48,49,50,51,52,53,54,55,56,57,58,59,60
0,1,2,3,4,5,6,7,8,9,20,21,22,23,24,25,26,27,28,29,30,31,32,33,34,35,36,37,38,39,41,42,43
0,1,2,3,4,5,6,7,8,9,10,11,12,13,23,24,25,26,27,28,29,30,31,32,33,35,36,37,38,39,40,41,42,45,48
0,1,2,3,4,5,6,7,8,9,10,11,12,13,14,25,26,27,28,29,30,31,32,33,34,35,38,39,40,41,42,43,44,45,46,47
0,1,2,3,4,5,6,7,8,9,10,11,24,25,26,27,28,29,30,31,32,33,37,38,39,40,41
0,1,2,3,4,5,6,7,8,9,10,23,24,25,26,27,28,29,30,31,32,33,34,36,37,38,39,40,41,42,43
0,1,2,3,4,5,6,10,11,25,26,27,28,29,30,31,32,33,34,37,38,39,40,41
0,1,2,6,23,24,25,26,27,28,29,30,31,37,38,40
0,1,2,3,4,11,32,33,34,35,36,39,40,41,42,43,44
0,1,2,3,4,11,12,23,24,26,27,28
0,2,22,24,29,30
0,2,3,34,35,36
0
