(2,0,3),(2,0,2),(2,4,16),(1,0,7),(1,13,20),(1,13,18),(1,2,11),(1,0,8),(9,7,12)
(2,20,12),(3,27,18),(4,25,4),(3,27,8),(1,1,16),(2,13,19),(1,0,6),(4,0,11)
(1,0,3),(1,0,7),(1,3,19),(2,0,1),(1,0,11),(1,0,2),(1,0,1),(2,0,11),(1,0,19),(2,9,10),(6,17,9),(1,21,20)
(2,9,13),(1,13,6),(4,0,5),(2,0,7),(3,28,11),(1,17,14),(2,8,13),(2,12,2),(3,17,11)
(1,2,1),(3,16,5),(5,43,16),(4,26,12),(2,0,8),(3,0,9),(1,19,10),(1,21,18)
(1,1,3),(2,11,19),(1,1,19),(1,0,10),(6,17,13),(1,0,13),(1,0,8),(1,14,9),(2,23,12),(1,0,7),(1,24,17),(1,2,20),(1,0,11)
(1,0,7),(1,6,9),(1,0,2),(1,7,11),(6,0,8),(2,0,16),(4,41,12),(3,17,18),(1,17,13)
(1,15,8),(2,13,14),(8,50,10),(1,0,13),(1,0,19),(2,0,19),(1,0,19),(1,17,7),(3,25,14)
(1,0,13),(4,7,12),(1,0,4),(2,0,20),(2,0,7),(1,0,3),(1,0,3),(2,29,16),(1,0,4),(2,0,7),(3,5,6)
(5,22,14),(4,6,5),(3,22,19),(1,0,5),(1,0,3),(1,0,10),(1,4,19),(1,20,12),(2,19,20),(1,20,20)
