(2,0,2),(2,0,7),(3,0,3),(4,0,6),(1,0,6),(1,0,2),(1,2,17),(1,13,16),(1,4,9),(4,0,9),(1,7,16),(2,1,15),(3,3,4),(4,5,13),(2,0,4),(6,0,6),(2,6,8),(1,0,7),(2,14,15),(2,0,11),(2,9,20),(2,0,9),(2,0,2),(2,0,10),(1,29,15),(1,0,12),(4,0,8),(3,22,9),(8,0,19),(1,10,20),(2,29,20),(2,0,6),(1,11,14),(1,0,1),(1,0,9),(5,0,1),(2,0,12),(2,0,6),(2,2,9),(3,0,3),(1,18,1),(5,1,17),(2,0,4)
(1,5,12),(1,11,17),(1,11,11),(3,18,13),(3,3,14),(1,0,3),(1,2,15),(1,0,2),(1,2,8),(2,9,8),(1,0,1),(1,10,18),(1,4,5),(1,10,14),(1,6,14),(5,16,11),(3,4,3),(1,6,14),(6,25,20),(1,0,2),(4,17,15),(3,23,19),(1,10,9),(1,14,7),(2,14,5),(2,14,20),(1,4,11),(7,34,19),(3,12,18),(1,0,7),(1,22,19),(1,23,5),(3,25,8),(1,21,17),(1,22,18),(2,14,9),(1,0,6),(2,0,5),(2,19,16),(1,13,12),(1,0,12),(1,21,16),(1,33,12),(1,12,15),(1,2,17),(1,0,7),(1,0,7),(1,23,12),(1,33,13),(2,1,14),(2,0,1),(3,4,4),(2,0,5),(4,1,4),(2,0,4)
(1,3,14),(1,14,8),(3,14,14),(8,31,1),(1,1,1),(3,20,14),(2,21,14),(1,19,17),(4,12,1),(2,0,12),(1,17,13),(1,9,5),(1,15,10),(1,0,13),(2,0,11),(2,6,14),(5,22,5),(1,0,2),(8,25,5),(1,26,13),(2,3,15),(5,0,10),(1,6,15),(1,17,9),(1,14,10),(1,0,18),(3,4,1),(4,0,2),(2,1,2),(3,29,6),(4,4,4),(2,33,19),(2,0,10),(1,21,12),(2,13,1),(2,0,3),(2,22,5),(2,20,20),(1,10,11),(2,0,14),(1,0,7),(1,25,9),(1,3,1),(3,11,7),(2,15,9)
(1,27,11),(2,16,20),(3,0,20),(1,0,15),(4,0,7),(4,0,6),(5,24,20),(6,19,13),(7,22,2),(2,0,6),(2,0,11),(1,1,19),(2,0,20),(2,0,7),(3,0,2),(1,0,3),(2,3,19),(1,3,6),(1,39,20),(1,12,14),(1,6,15),(2,0,8),(5,10,1),(2,37,16),(1,0,6),(5,0,18),(2,14,7),(2,7,4),(2,0,4),(1,0,3),(2,9,7),(1,26,13),(2,0,14),(1,14,4),(3,13,12),(3,0,4),(3,11,16),(1,15,10),(1,0,1),(4,4,6),(4,15,15),(1,6,17)
(1,0,1),(1,11,12),(1,26,16),(3,0,2),(2,22,17),(1,0,15),(3,31,19),(6,16,11),(2,15,13),(1,0,11),(6,0,19),(1,0,18),(6,28,5),(1,0,8),(1,0,3),(6,47,6),(1,0,20),(2,0,15),(2,0,2),(1,23,19),(3,0,10),(2,20,12),(4,11,19),(1,0,5),(1,4,13),(3,0,9),(4,7,12),(2,42,10),(1,2,1),(1,0,6),(1,12,14),(3,0,16),(3,0,17),(1,1,13),(2,0,2),(2,0,4),(1,0,6),(2,0,5),(1,7,5),(1,7,11),(1,17,11),(1,27,19),(2,16,10),(2,10,4),(1,1,10),(4,10,13),(1,0,7),(1,14,14)
(3,9,15),(4,14,5),(2,17,15),(1,0,1),(1,0,8),(1,0,7),(5,14,2),(2,0,2),(1,11,5),(3,28,1),(2,9,7),(1,26,15),(1,0,7),(1,0,13),(1,0,7),(3,0,2),(1,0,7),(1,0,18),(6,22,15),(1,0,5),(1,0,1),(2,39,18),(2,11,4),(1,13,15),(1,3,8),(2,2,3),(1,11,5),(2,15,10),(2,4,9),(2,16,19),(1,5,10),(3,21,18),(1,2,14),(1,20,6),(1,55,14),(4,8,8),(1,4,17),(1,0,12),(2,8,17),(1,24,17),(2,33,6),(1,24,16),(1,2,11),(1,33,19),(2,9,15),(2,0,10),(1,16,18),(2,0,16),(4,18,16),(1,0,13),(6,27,16),(3,26,8),(1,9,11)
(3,14,19),(4,0,5),(1,0,3),(1,18,13),(2,3,9),(6,17,14),(1,4,9),(1,0,11),(1,0,10),(1,0,10),(1,0,12),(4,0,15),(4,49,17),(1,0,5),(2,3,14),(4,0,13),(1,0,17),(1,0,15),(3,0,17),(1,0,14),(1,0,19),(1,0,15),(4,10,9),(3,8,16),(2,10,12),(1,5,1),(2,22,5),(1,2,6),(1,17,14),(3,2,6),(1,1,14),(1,0,2),(2,26,11),(3,0,5),(2,47,8),(1,5,4),(2,0,16),(2,0,7),(1,24,19),(2,3,15),(2,47,13),(1,20,14),(1,0,4),(1,16,1),(2,25,19),(3,0,15),(4,0,10),(2,25,17),(2,0,14),(3,23,19)
(2,19,14),(1,0,1),(1,30,16),(2,0,1),(3,20,9),(2,0,3),(1,0,3),(1,0,20),(3,4,14),(2,1,15),(1,47,16),(3,38,13),(2,0,8),(1,42,18),(1,40,16),(3,0,16),(1,0,1),(2,0,18),(2,14,11),(2,30,15),(1,0,16),(3,39,11),(2,0,10),(1,5,17),(1,10,13),(1,4,4),(4,18,1),(1,24,13),(1,3,2),(3,28,20),(2,8,16),(1,0,12),(1,18,11),(1,0,3),(1,10,13),(1,0,3),(1,28,17),(1,16,7),(1,0,3),(1,13,7),(1,25,18),(4,0,17),(2,0,20),(2,8,20),(1,0,9),(1,23,9),(1,7,8),(1,8,4),(2,0,14),(1,0,5),(4,23,18),(1,0,3),(1,18,6),(3,31,10),(1,17,9),(2,14,19),(1,1,8),(1,0,10),(2,0,4),(2,14,11),(1,8,6)
(1,9,1),(1,0,5),(5,3,19),(1,0,7),(4,31,14),(4,0,1),(1,0,7),(1,0,2),(5,15,10),(3,0,15),(1,0,1),(1,0,20),(4,6,4),(1,0,6),(2,0,10),(2,0,4),(3,4,7),(3,4,1),(1,10,5),(1,12,20),(3,0,2),(1,10,16),(1,16,13),(1,11,17),(2,18,18),(2,2,10),(4,26,18),(2,16,9),(1,20,9),(1,12,20),(2,0,7),(4,0,8),(3,45,8),(6,23,1),(2,0,1),(1,0,10),(1,0,4),(3,0,11),(1,0,1),(2,0,7),(3,1,9),(2,21,17),(3,35,10),(4,27,1)
(1,8,12),(2,24,5),(2,21,12),(1,0,15),(2,22,8),(1,0,15),(1,0,18),(1,0,4),(1,0,6),(2,10,3),(1,0,11),(2,22,1),(4,0,9),(3,0,1),(6,5,12),(1,2,14),(1,9,19),(4,31,12),(2,0,18),(3,0,16),(2,7,18),(1,0,13),(2,0,8),(2,0,3),(1,9,18),(5,28,13),(1,32,11),(3,12,14),(1,0,3),(1,0,2),(1,0,14),(4,0,1),(1,9,11),(4,0,12),(1,0,20),(1,0,11),(1,26,16),(1,15,20),(4,0,8),(1,25,6),(2,20,5),(2,30,14),(4,29,19),(1,15,17),(3,16,9),(1,10,5),(1,0,7),(1,0,9),(2,2,1),(1,0,8),(2,0,8),(1,0,2)
(1,8,9),(1,3,18),(4,0,19),(1,0,20),(1,0,6),(2,17,11),(1,0,2),(1,0,3),(1,0,18),(1,2,7),(2,0,15),(2,2,12),(1,0,19),(4,25,3),(1,37,19),(1,20,8),(3,50,10),(1,0,8),(1,0,17),(2,17,3),(1,0,6),(1,24,15),(9,120,6),(1,17,20),(2,22,17),(3,25,12),(2,0,2),(1,0,6),(1,0,13),(3,0,19),(1,0,3),(2,34,16),(2,21,20),(2,21,9),(4,0,16),(2,43,16),(1,0,19),(1,0,4),(1,32,18),(1,11,9),(2,31,2),(1,12,7),(1,0,8),(3,0,14),(1,0,18),(1,0,10),(2,4,14),(1,0,3),(3,0,12),(3,16,19),(4,25,13),(1,0,8),(3,0,2),(1,0,14)
(1,6,12),(1,31,18),(1,12,3),(1,15,3),(2,27,17),(5,78,7),(2,4,20),(1,10,2),(3,36,6),(3,0,17),(2,0,5),(2,0,6),(1,11,2),(1,0,7),(1,0,2),(1,0,18),(2,0,7),(5,0,5),(2,0,7),(1,0,9),(3,0,13),(5,0,3),(1,0,7),(1,0,9),(2,0,2),(1,16,12),(2,10,6),(2,0,20),(1,9,1),(1,2,12),(2,0,5),(2,44,15),(1,0,8),(7,0,1),(2,50,10),(1,0,5),(1,3,19),(2,19,16),(4,16,15),(3,27,13),(1,6,4),(2,8,18),(1,0,1),(4,34,20),(3,0,10),(1,0,20),(2,8,19),(1,7,14),(2,0,13),(1,7,9)
(1,15,19),(3,11,11),(1,28,12),(2,0,3),(1,0,15),(4,0,5),(2,26,3),(3,22,13),(1,60,18),(2,0,10),(3,0,1),(4,0,5),(2,0,1),(3,23,3),(2,30,19),(1,0,9),(3,0,8),(1,0,14),(1,0,6),(4,0,12),(2,24,20),(1,5,2),(1,0,6),(1,0,3),(2,0,3),(1,0,16),(2,33,7),(1,40,10),(4,33,10),(2,0,11),(1,0,3),(1,0,4),(1,30,20),(2,36,3),(3,41,12),(4,27,12),(3,0,1),(1,0,7),(2,0,7),(1,0,8),(1,0,5),(2,18,10),(1,15,3),(1,22,10),(2,6,10),(3,20,16),(4,18,13),(3,0,17),(1,3,19),(2,19,19)
(1,21,14),(2,33,18),(2,1,12),(2,0,20),(1,0,1),(4,43,16),(2,9,1),(1,0,8),(1,0,7),(1,0,10),(1,17,10),(4,45,18),(2,0,9),(5,0,13),(3,13,10),(1,0,6),(1,0,16),(1,0,15),(4,0,4),(2,0,14),(2,0,7),(2,39,1),(1,0,9),(1,0,4),(1,14,16),(2,0,2),(1,0,2),(1,0,9),(1,0,20),(1,10,15),(1,28,1),(2,9,7),(6,0,16),(2,0,4),(2,0,2),(5,0,15),(1,0,3),(2,3,6),(2,0,11),(3,0,15),(4,0,4),(1,13,7),(1,2,4),(5,0,9),(1,21,17),(2,6,14),(2,11,4),(2,53,8),(1,0,19),(1,7,12)
(4,1,7),(1,38,18),(4,10,7),(1,0,1),(3,0,4),(4,36,19),(2,0,12),(2,0,16),(3,0,5),(2,0,14),(2,55,12),(1,0,5),(2,0,2),(2,0,13),(2,0,9),(1,0,1),(3,3,17),(1,0,12),(1,0,20),(1,0,8),(3,0,13),(2,10,20),(2,12,3),(2,0,9),(1,8,9),(2,45,19),(1,0,1),(1,0,11),(5,0,9),(2,29,11),(1,0,3),(3,0,18),(1,0,19),(1,24,19),(2,11,6),(1,0,18),(1,8,8),(6,79,19),(3,34,1),(2,0,1),(1,39,18),(3,11,15),(1,0,1),(4,0,3),(1,0,7),(1,0,1),(3,0,3),(1,0,2),(1,11,11)
(2,0,19),(1,13,20),(3,0,4),(1,0,13),(2,0,15),(1,0,20),(1,0,17),(2,0,14),(1,0,15),(2,0,16),(1,0,11),(2,0,9),(1,0,14),(1,0,8),(1,0,8),(1,0,5),(1,48,18),(1,48,18),(3,22,6),(1,3,6),(1,0,13),(2,18,14),(1,0,20),(5,0,19),(1,0,6),(2,0,17),(1,0,3),(1,0,1),(1,9,12),(2,7,19),(2,16,18),(1,0,12),(2,0,12),(2,0,4),(1,0,10),(2,0,11),(1,0,10),(1,0,13),(1,0,7),(1,6,5),(1,0,5),(1,0,10),(3,0,1),(1,15,14),(1,45,1),(1,8,13),(2,0,13),(1,0,4),(1,16,14),(1,4,11),(1,0,7),(2,0,10),(1,0,8),(1,0,13),(2,0,4),(1,0,9),(1,0,11),(1,3,3),(5,0,6),(1,4,17),(4,0,1),(6,70,20),(1,20,12)
(1,38,20),(2,56,18),(1,31,7),(1,11,7),(4,51,13),(1,0,8),(1,0,3),(1,0,19),(1,1,5),(2,0,8),(2,35,20),(1,31,8),(1,28,3),(15,157,6),(3,0,13),(1,0,15),(3,10,13),(1,0,11),(2,0,17),(1,0,8),(2,13,3),(1,2,14),(1,16,7),(5,103,12),(3,23,13),(3,0,17),(4,0,10),(2,21,9),(1,9,4),(3,0,17),(3,0,3),(1,0,16),(1,0,7),(1,0,14),(6,5,3),(1,5,13),(2,0,7),(1,14,15),(1,22,7),(1,22,13),(3,33,16),(3,0,13),(4,0,8),(2,0,4)
(1,18,13),(2,0,9),(3,0,2),(2,0,10),(1,0,4),(1,0,10),(1,0,10),(2,0,20),(1,0,20),(2,0,8),(4,0,4),(2,0,20),(2,0,17),(4,0,13),(3,0,12),(1,0,12),(4,0,8),(1,0,9),(2,14,19),(6,131,19),(2,4,4),(3,0,12),(4,32,8),(1,0,3),(2,38,13),(1,27,12),(2,0,13),(1,17,18),(1,0,3),(1,30,15),(2,0,9),(3,0,16),(4,48,18),(2,0,9),(1,0,14),(2,0,12),(1,0,17),(2,0,18),(1,0,15),(1,0,11),(2,27,7),(2,33,20),(3,0,4),(1,0,7),(2,0,2),(3,16,1),(3,0,7),(2,0,7)
(1,12,11),(3,0,1),(1,15,12),(1,39,14),(1,0,13),(1,0,14),(1,0,10),(1,0,13),(1,0,16),(2,13,12),(1,0,4),(3,52,4),(1,9,11),(1,2,7),(2,0,11),(1,0,11),(2,0,11),(1,0,13),(1,0,12),(3,0,1),(3,0,14),(4,0,10),(1,0,18),(1,0,19),(4,0,15),(2,0,10),(2,0,15),(1,26,20),(1,22,7),(3,0,4),(1,0,12),(4,0,4),(1,0,10),(5,30,14),(1,3,1),(1,45,17),(1,29,13),(1,16,1),(6,0,6),(1,27,16),(3,41,17),(7,107,13),(2,0,6),(3,0,16),(1,0,10),(1,0,1),(1,17,19),(2,22,13),(1,0,7),(1,0,4),(2,0,14),(1,0,9),(1,0,9),(1,4,12)
(1,16,15),(1,0,11),(3,0,7),(1,0,9),(1,0,3),(4,50,4),(2,24,12),(2,0,17),(1,0,14),(1,0,16),(1,27,20),(1,18,16),(1,0,12),(4,0,6),(1,0,18),(1,0,20),(2,0,14),(4,0,11),(2,0,7),(1,0,5),(2,0,20),(2,35,1),(3,0,6),(1,0,16),(6,52,16),(2,0,14),(2,0,6),(6,0,16),(1,7,6),(3,2,20),(2,0,7),(2,0,6),(3,0,3),(7,0,4),(4,0,7),(1,0,4),(6,0,14),(1,16,17),(1,0,13),(2,0,7),(1,0,15),(1,0,13),(1,0,13),(5,62,10)
