(1,10,18),(2,0,4),(3,0,5),(2,0,17),(1,1,6),(1,5,11),(3,0,6),(1,0,9),(1,3,15),(3,0,5),(2,3,19)
(2,0,6),(1,10,13),(2,0,3),(2,7,4),(4,33,8),(2,2,8),(2,25,10),(1,0,2),(2,8,20),(2,21,12)
(1,30,18),(2,28,16),(2,9,11),(1,0,1),(3,0,4),(1,0,7),(2,0,4),(2,11,18),(2,7,19),(1,26,10),(3,27,4)
(2,7,15),(1,0,3),(1,7,14),(1,7,7),(2,13,1),(1,11,19),(3,15,14),(1,8,11),(2,0,2),(1,0,2),(4,0,6),(1,0,3)
(1,15,6),(1,5,8),(4,0,6),(2,0,8),(1,0,2),(2,0,11),(1,25,16),(1,19,14),(2,29,17),(2,16,1),(1,0,7),(2,0,5)
(3,14,16),(3,24,19),(2,3,20),(2,20,19),(1,6,19),(1,6,14),(1,26,16),(1,0,5),(1,0,1),(1,9,13),(3,0,13),(1,0,8)
(1,7,6),(5,20,11),(1,26,2),(1,15,3),(1,0,11),(2,12,3),(5,13,3),(1,10,16),(1,25,15),(2,31,15)
(2,0,4),(2,8,18),(1,0,6),(1,0,10),(1,19,20),(1,30,20),(5,31,13),(1,0,9),(1,0,10),(1,3,7),(4,0,7)
(1,3,11),(1,11,19),(3,30,11),(2,17,6),(1,5,11),(1,0,11),(1,0,20),(1,0,15),(4,22,20),(2,59,17),(3,26,12)
(1,20,20),(3,36,13),(2,0,10),(2,0,2),(3,63,5),(2,0,14),(3,6,18),(1,0,9),(2,33,19),(1,0,9)
