2501
899,2102
1734,1155
2039,1633
1390,1852
1694,1579
1345,1774
1697,1154
1292,2002
2237,1377
392,770
967,907
270,763
1354,1166
1884,452
973,829
2426,983
2123,2414
941,269
1373,1289
209,2492
1094,207
1112,2007
1561,2130
2312,559
2076,1980
1437,515
1295,1274
652,496
624,2035
1117,1551
1567,138
1030,1297
381,2424
431,459
2376,2460
1222,736
84,2471
1393,2246
513,2450
1597,2462
700,1304
1002,170
1812,1642
317,1937
2463,1968
1442,313
648,1526
1808,1753
2105,2057
1138,610
1909,1984
1198,244
591,1271
1315,2106
323,1227
773,776
844,2421
126,567
474,827
1141,19
1934,1275
652,1826
374,728
1555,621
1543,1668
465,327
173,477
181,1406
727,460
1601,1731
2236,849
1782,583
1590,1288
413,808
1305,689
466,1727
1923,2188
1797,2235
1477,155
1329,284
1525,518
1874,1269
1242,2249
2025,2417
1307,802
2239,2328
1276,2386
2006,1618
742,5
1912,220
906,2124
2112,2088
2466,314
176,1940
901,1022
1843,1207
2457,206
2311,2379
518,425
777,1134
139,648
1746,1081
2058,956
2423,1542
1789,2378
949,1214
502,2453
356,999
1187,2026
1059,2494
1284,460
1551,2334
2263,2450
945,1064
1684,1538
431,53
86,1829
348,878
1275,1229
589,1929
1710,1741
1743,109
926,2212
1959,643
432,477
2053,539
303,1766
855,1070
562,1697
1275,321
383,1534
71,1485
1578,1521
2246,666
1334,1745
422,874
1643,1114
91,844
1356,1800
297,607
1897,2012
136,1816
1691,87
929,809
277,1020
1289,1095
1012,1568
537,1540
1541,2223
1669,1308
1616,1477
1219,1197
1985,222
626,1164
340,91
1734,113
1793,297
297,1506
929,2251
2284,396
1989,548
1807,783
2154,1226
1416,2501
1738,2047
1402,1339
1636,770
1987,783
2141,2
152,841
686,1707
2493,1170
1023,1317
1834,795
1702,882
469,983
1154,491
594,1851
2196,56
1639,862
1992,2120
2393,642
220,90
923,629
2393,1047
826,296
2101,1790
594,565
858,1512
1912,2114
2301,700
1987,1212
1440,2359
1057,2113
334,895
521,567
2469,520
924,2501
1924,559
542,793
2142,1765
1378,2406
1133,402
1244,1527
501,475
733,730
290,2350
709,1972
1989,426
533,2183
947,171
1311,2074
1277,1048
1475,822
1987,1189
751,4
826,1523
1563,1248
2243,400
596,1458
2319,594
703,505
1210,1562
748,808
2184,1859
93,1853
196,3
2223,839
2122,1416
645,176
1582,295
1218,1050
2419,827
150,2154
2086,1790
30,1379
1105,454
471,1652
2136,1090
2284,631
1633,559
185,961
229,967
994,297
525,1216
2093,2363
1876,447
1358,1132
942,465
1173,1253
1824,1975
2164,72
1112,1055
1264,607
563,380
787,1365
2377,849
1852,1060
343,1427
889,2139
304,2003
2066,1075
1978,1220
564,1663
1843,564
2034,2193
670,1588
336,1362
1518,697
1712,2096
2107,1500
1431,1543
2103,832
1868,1433
2366,2466
1672,1669
1070,1862
1194,2407
1735,322
1774,663
1140,1342
1371,319
1376,1815
762,473
764,1659
1291,1116
170,2404
1768,1457
1313,1630
930,1748
872,260
2234,771
2241,1197
2254,308
571,2501
1147,1517
557,272
2143,1412
482,2314
740,918
2246,1619
900,1318
569,783
1764,2348
750,1011
1367,1611
222,2359
1119,2225
515,228
2102,2209
2062,611
708,1980
2383,1778
1242,133
791,1466
2310,504
1169,900
1048,1629
1116,310
9,2358
1857,1339
1672,1789
192,2092
1147,2099
2322,1070
445,2408
1789,1168
421,702
441,1943
0,363
1297,1058
1492,1000
524,1094
2273,34
2327,1121
900,33
562,2494
1264,2045
434,1811
1063,1913
1905,1800
542,588
1692,568
2370,1643
1828,2501
350,2461
2025,1763
1339,1338
2050,2311
114,1296
1690,2273
1245,526
2,291
452,618
1873,654
1493,1779
2011,1309
2102,1257
329,1055
1581,328
2462,390
2098,2501
2066,598
845,1395
2437,228
1935,2340
305,385
873,2008
2073,657
1066,1902
990,952
316,2453
2052,2421
2294,1292
1322,338
586,2374
139,1292
2257,846
1256,100
844,2220
841,1720
2147,1374
1475,1432
559,1179
279,2501
1808,1346
329,1788
1409,2241
525,444
1004,2229
2279,2036
827,186
774,672
837,223
1098,1285
1752,1570
227,18
2152,1878
1947,2299
285,2279
1950,1845
1097,1577
168,2055
1512,791
1201,1123
857,713
1253,2429
0,2432
2188,707
2256,2346
794,333
1549,212
2496,177
1595,2351
655,315
2226,480
510,1717
753,1434
2252,607
1890,22
678,1265
2473,81
2427,89
692,231
2301,1342
2404,1893
639,197
348,1688
1306,1997
2147,1571
1753,150
2002,1125
386,978
1910,1813
1236,2483
504,649
983,742
1232,2076
1364,641
304,303
887,632
827,291
2173,1832
1062,1800
2409,318
1077,260
190,1915
2009,1525
2443,1972
1314,1593
178,2231
687,1096
791,621
1627,1162
1853,1572
1038,2109
2167,497
91,615
832,1306
1889,2268
2067,1055
291,1660
2397,667
568,1036
2412,781
1928,90
1092,2089
1843,2460
1902,2490
2063,116
1064,2161
929,543
2027,1777
2194,2278
1509,1709
1517,722
1355,2061
759,1504
375,2349
780,2334
2439,730
0,669
604,467
95,386
2340,610
1693,2501
1007,130
1136,148
2064,163
517,550
1468,1292
2163,2137
1732,425
1138,208
949,1506
1220,786
943,1458
1628,2173
221,1619
2293,531
2156,193
0,315
353,2334
371,151
934,2089
1383,2061
1106,1792
544,850
347,744
1669,2501
710,214
704,2323
1364,1242
2278,988
1604,1305
66,575
758,1138
1992,1650
750,966
2204,478
1523,412
2161,1202
1104,874
24,683
281,1069
768,663
2148,958
18,979
2032,734
149,1762
1604,2170
2491,18
2392,1847
672,1775
590,768
2094,400
1943,667
353,1169
713,1476
904,1500
465,993
784,1457
1672,914
2156,2069
719,2054
2217,1181
470,1287
478,1385
1284,2059
2323,2494
862,868
2329,111
107,1557
2068,219
1921,2193
570,268
2380,192
401,2128
1763,114
62,928
1238,56
889,1904
716,892
328,1737
2241,920
2368,2227
743,551
1037,2427
304,2387
553,1278
1676,837
908,64
2029,1194
1343,915
277,1959
266,640
177,1287
1846,699
448,1271
580,389
124,783
2412,927
441,1690
249,821
2073,564
0,318
2459,1435
2276,286
716,1251
1173,2185
2140,2235
943,1815
1809,1180
512,337
1095,808
99,1752
675,936
92,731
1219,1084
1181,531
1067,2008
1342,639
1499,1676
23,237
1811,1687
200,1299
598,70
2339,2406
315,2142
1422,953
1783,1141
887,938
702,2407
1592,636
138,69
2063,2038
2284,1684
2253,132
383,1902
490,967
1085,183
2224,226
427,635
1023,158
1829,845
332,1209
1656,2302
520,895
2222,1870
1725,260
477,2402
2329,508
39,1359
1310,2015
1193,1148
999,1064
1163,1797
1059,1987
2134,1953
1297,1536
1991,1227
1729,1350
2215,1958
2304,1761
322,1474
2255,2094
862,2074
2491,1380
1166,89
942,18
1562,20
902,14
219,896
1520,109
1910,1152
1970,1690
109,1529
1022,1218
918,1084
2336,1091
1639,1348
50,609
788,2206
1616,1802
2500,2459
1490,2359
1145,709
1604,1591
2189,1727
1486,1221
1205,431
1642,2392
2312,2050
293,1882
943,1420
2052,1006
2371,622
1490,1753
2104,2501
2444,698
1549,2501
471,1582
1058,1299
1986,2036
1363,1998
730,1725
1458,274
435,828
1292,1965
192,1248
2219,1605
832,595
934,1646
1524,1187
1802,878
2031,462
2034,2114
820,2478
786,186
1838,202
2044,2178
1343,462
1229,67
1326,1010
368,1994
2303,229
144,2292
350,340
821,238
703,702
569,2059
2210,2446
2132,2194
1560,2290
2318,2291
2093,465
1481,2044
0,2067
1747,521
2468,840
531,1598
1974,1248
2056,1561
1658,479
889,720
1766,2116
2491,256
1324,171
149,1090
187,687
1764,281
1211,318
2241,846
50,1181
977,1438
2003,841
1435,1279
154,746
1788,1990
656,213
2106,1446
1975,2290
1124,1950
551,1497
2437,549
2130,1986
1746,850
1684,1102
1411,250
2324,562
1124,519
42,1379
1232,2319
589,2002
1685,924
54,2501
947,2038
1068,1648
2189,2468
361,1960
2446,338
1125,1706
2263,2414
0,1168
2279,734
1379,1597
1461,517
2463,68
82,1142
1238,1767
946,2178
419,1518
556,233
594,2086
1138,2484
793,2244
2497,37
553,159
1668,506
215,696
605,2385
791,647
1954,2134
1565,1487
1683,604
2202,604
1535,14
2017,662
1851,2041
2271,1145
1180,793
2102,1149
2387,2191
1285,1013
812,1485
1480,735
1294,124
2003,973
1238,1486
992,527
1323,666
114,1909
876,2201
937,992
1485,539
674,1134
734,2422
347,30
2030,1889
2041,121
2414,2428
334,95
2154,1982
1927,63
538,947
0,2094
1576,885
949,2039
1131,1045
323,709
1532,328
2491,226
1130,1185
1281,1590
1232,1651
1514,1749
254,414
741,1815
953,1730
2406,1780
1046,1250
781,1850
1461,769
642,1084
2141,1442
756,930
852,2417
0,2364
483,682
63,2289
581,2073
14,113
2161,2326
291,1329
1701,544
232,656
2426,11
1775,2345
2104,342
2039,1539
2026,2442
1012,241
747,461
1598,401
398,1159
657,896
1131,211
158,734
482,1071
2277,2105
2128,1698
383,1028
2461,696
1602,326
317,2163
2261,2137
958,4
1090,993
2376,45
2230,1601
2191,2083
1677,535
217,1726
2449,267
1787,1858
1873,2257
1140,2420
232,1376
728,664
1263,1238
544,855
1850,1233
1821,1709
2431,1296
603,690
705,1815
1365,1157
271,2501
1612,1392
2320,228
2238,1875
45,2501
1077,131
1027,294
2001,1443
2275,2310
828,592
2285,2491
2200,1855
829,2177
617,1154
857,2120
1899,772
639,1930
670,1093
0,197
3,1563
279,2311
1580,1754
1703,78
1310,306
493,2399
823,2103
1078,1387
834,1529
0,2356
2172,2476
151,552
1122,303
1392,565
1008,1786
474,2030
1976,328
269,550
1736,1869
428,452
1666,1298
555,731
658,1557
2012,1122
255,583
864,2353
1516,844
2283,429
680,1997
938,448
2322,1911
2383,291
2487,1439
2241,549
444,656
1953,66
458,876
2362,2199
770,2268
911,299
1071,896
1669,1377
1949,2357
325,966
573,567
1654,812
2273,1821
2355,2058
625,2208
178,434
1241,1478
1714,1198
1400,1514
12,1993
5,1696
1148,1354
775,1410
2155,209
1771,1410
2094,2141
316,910
149,1299
497,126
1020,624
1216,904
1399,524
8,228
1578,1312
1494,111
263,1867
68,1266
2267,1260
640,841
763,1564
759,658
2009,922
2381,1496
2458,1724
1784,412
1773,87
953,1823
565,2153
1509,2003
1731,2178
1283,816
461,920
53,2501
2086,637
567,1003
39,3
2119,1871
1368,1189
64,2056
2224,1366
1480,1751
937,416
1203,57
509,912
2042,573
1745,635
1586,1223
975,2324
754,2103
1822,658
2018,1819
97,2237
2218,931
1689,43
2316,2077
2234,2500
1986,691
2078,1378
512,951
978,1117
951,827
1673,609
888,1766
43,1290
742,1734
2205,2177
601,874
1013,353
574,2088
1598,2311
905,856
500,915
111,902
2298,1097
1442,2212
627,1058
153,304
0,705
1979,1492
1334,143
1411,518
2390,1960
608,1057
1291,952
237,2235
856,1702
966,2180
577,48
1548,581
2494,62
1209,1388
1176,1670
2175,453
2098,250
533,1832
959,456
2138,415
1162,2106
1841,271
1139,2239
2380,241
619,989
2404,2329
0,655
2154,13
410,1617
1988,970
1781,876
1176,1667
2366,1033
1936,779
1524,648
2255,1898
1090,2079
1813,1604
2439,2250
1076,125
1598,2255
1015,1155
1461,1863
2226,1088
2433,1100
290,1224
1508,1787
984,2169
132,1292
872,2453
1923,1600
333,648
1489,72
6,317
2353,848
1990,2233
2410,1233
2087,834
1768,1118
562,1316
399,2236
1956,531
961,28
1898,526
1812,308
1905,1501
2003,2071
1874,1623
2183,2229
203,790
1239,2400
50,1256
235,118
738,177
2168,694
1470,2258
675,1742
1344,882
767,2395
1829,460
727,1826
561,2116
368,678
1751,231
423,426
1434,2182
1519,347
333,815
2136,475
1106,1617
698,593
515,685
304,1231
2195,1372
1975,2288
1670,1350
1006,1267
476,371
774,1338
2048,2363
2055,1696
1683,639
1227,1063
298,1589
662,1810
1859,240
681,96
72,923
126,319
2,743
1960,2051
1504,1085
270,2483
1657,2445
2128,1657
947,1645
791,1495
576,137
1394,2500
792,1162
1020,241
1977,1500
961,297
1774,2491
679,1713
1441,1420
2007,1997
770,1148
1855,981
109,343
1831,2496
2481,1347
630,229
928,1440
1219,1719
1568,219
1917,1905
826,1394
2294,1945
2231,1406
1123,436
874,1358
234,184
592,193
1197,214
92,1256
620,631
1282,53
113,1617
906,1458
1341,1141
118,957
1580,237
1338,1608
381,1471
1321,737
1597,1418
818,2091
1098,2173
1438,2031
801,61
1567,2484
385,1127
2476,1314
54,309
2246,703
1601,1196
311,2372
34,666
1669,2486
1804,2152
1076,1864
1117,1416
2268,1613
205,2344
353,1328
2314,1576
902,2392
2035,1406
1098,1110
2083,192
966,1904
565,965
329,894
1406,1475
1589,398
1724,1702
0,2438
1909,2466
2293,1538
1556,2501
1519,1796
2329,1073
37,1215
2267,1789
1875,1277
64,1309
1298,1373
1383,1919
314,2039
2488,728
1291,1820
2047,1656
1559,2501
2363,626
2209,459
989,1044
1777,1002
487,1101
1299,1675
1033,2395
1331,668
1982,1190
833,1153
1905,862
56,2001
1855,1566
518,460
2255,669
1796,225
1796,1007
175,1366
1152,2264
561,2395
474,1051
1613,1705
259,1128
318,877
616,1823
308,2488
737,1553
1551,2474
2299,2501
272,1527
1605,1290
2184,1806
834,830
731,1135
456,2501
1986,2078
1190,1327
1128,1343
1071,1463
528,1067
435,2280
730,340
363,2407
1101,1982
1545,874
2482,2030
1408,655
283,2458
1394,2051
2327,260
1998,1952
1481,1767
230,1043
494,1366
546,2235
462,2393
1993,509
54,1655
1266,2319
749,218
961,2001
2378,1694
99,398
155,488
1116,2382
1363,1892
2138,2033
446,2420
1305,1042
1170,1281
1874,365
1160,591
1667,2501
2471,991
1620,999
2232,1644
1609,1120
2081,544
1331,986
2155,1683
1855,426
1304,1568
2024,368
362,2249
800,1277
2005,1993
858,2154
1235,1850
2186,530
2196,1868
2415,679
2026,1424
810,1147
335,2083
1162,326
2336,1328
1961,2373
1413,635
267,2501
2132,733
2216,3
260,1120
210,198
710,1847
1456,1190
623,773
240,2013
461,766
287,1363
348,251
1794,48
1922,2236
1053,736
2151,1609
1830,1595
1135,706
100,566
2359,2399
1463,2283
2,61
1037,1191
1953,1478
452,1287
125,1459
931,791
2063,113
1480,1364
1278,1027
1262,507
836,869
682,2418
1415,357
1532,2292
1121,1678
2361,1944
678,2448
1079,716
426,2047
1623,418
2390,640
56,853
1809,376
519,362
1006,633
1584,1580
1978,173
417,2113
1592,1433
168,197
1928,1612
2105,1776
2438,43
1108,1073
1403,609
1836,1069
329,758
1181,401
313,2493
1305,1533
97,291
625,118
48,1382
1532,272
16,2364
1562,1538
1271,957
2316,510
391,1866
2222,1108
2246,1021
60,1301
0,2207
817,256
2120,366
2042,122
1857,1371
1701,876
145,1918
1613,1854
2427,1992
2104,1352
1258,2369
1101,252
875,1994
2488,2485
2466,919
1601,1224
1327,2501
700,596
1908,269
452,468
9,1128
802,472
1180,1389
1781,413
1157,464
609,93
2162,2106
996,2501
2275,1956
594,1565
2344,557
1440,1034
753,1500
1945,1904
1815,1932
768,830
1189,249
1180,846
1256,1415
2240,529
1260,1060
519,2157
1685,566
1468,732
84,2273
1273,266
1302,707
751,197
434,1564
2348,1022
1262,930
1078,457
1653,1791
28,1631
1084,2062
1291,984
2018,2463
1632,1877
2095,609
1445,480
1306,7
4,2325
1747,2410
1452,2450
1378,994
2107,2057
1808,715
149,1251
1819,944
1334,2124
29,850
1850,2023
437,35
848,1063
430,1800
987,2016
2335,1458
1995,479
684,1778
160,1457
1624,2486
1652,1196
2112,1696
903,510
53,2088
2390,1736
1373,349
931,1455
2050,2014
1897,1944
546,269
1054,76
1854,472
703,1973
1194,729
1815,1127
288,687
2212,2278
2038,346
450,572
917,1502
1950,453
1785,2068
0,2101
2221,1502
878,1303
1449,758
0,1331
2135,1245
2392,1209
1732,383
590,837
1047,2174
1460,1858
1424,2213
879,883
48,2043
275,578
325,1806
936,1202
307,1343
2134,540
1958,2271
515,1314
1378,1310
1158,245
58,128
1894,2041
1218,1707
1709,1367
1386,1288
261,625
1674,274
1690,891
1744,232
40,1993
2077,236
1808,1075
1473,1196
108,279
1379,896
2421,1496
2434,352
1437,2501
1329,909
315,1249
407,2372
29,401
1618,792
1355,1935
256,1354
1870,1741
739,1775
1370,1553
2155,276
946,1063
376,1918
2086,378
2283,2169
1355,2138
1269,53
1981,379
807,1610
1884,2462
86,655
351,1406
281,2217
1245,1469
1914,560
2109,2157
1604,1891
900,702
1800,2266
370,995
1959,1787
1504,1689
1116,410
1787,112
1480,1777
2312,47
159,1749
1830,1053
1055,1986
892,1355
135,924
1703,38
334,478
2151,2104
851,2451
1327,1661
404,332
2283,939
760,2010
2353,2347
1726,750
759,1447
2061,1262
374,882
1938,1353
1955,1390
659,2445
1334,2032
1101,2076
2458,1410
1876,48
1053,1295
1374,2249
1067,938
313,871
1435,2092
2031,431
1686,39
1285,426
1730,207
2031,2427
2446,459
1749,865
1842,1537
2296,902
1821,1646
141,2190
1688,1647
1726,2481
1680,241
149,2447
678,627
1711,880
1290,123
877,1187
896,1696
693,1008
220,1833
2436,1818
791,1015
2054,2314
2103,1264
1255,1519
4,1731
2456,300
1071,236
2281,2038
1432,1434
1202,4
127,1922
486,248
2214,2199
994,310
587,2501
1351,796
1758,1840
2235,2300
2003,1139
2326,1463
2332,118
1485,2501
2203,2384
1592,1884
1702,2107
1727,201
37,2412
891,1422
108,1338
212,2448
340,1582
758,243
449,923
1019,1227
416,1475
2229,1001
1068,1255
2210,2176
2143,956
593,817
1774,614
1545,34
2265,2015
2406,517
62,560
2167,1078
0,2377
2005,398
2103,1499
1484,1488
1360,1712
689,1401
1928,972
2285,937
1619,1944
108,1132
2121,1945
735,1835
1530,965
1729,1195
2161,1753
2099,204
1157,1122
1281,1980
1392,1475
256,1207
1521,581
798,2256
1030,151
48,1234
511,1776
1327,1296
1330,2496
1070,1475
2179,83
2267,2290
846,534
1891,376
2180,2161
1324,1068
1830,1276
496,1712
2371,670
808,358
834,729
2114,2316
1890,927
1351,515
614,1818
1451,954
1656,716
1139,1130
1313,2160
698,399
1602,1239
2008,1003
1982,2161
76,1961
728,681
542,2390
971,2057
197,1117
1132,2073
663,2192
34,38
616,438
2084,231
1720,306
1572,1743
428,1784
1616,964
1307,1664
609,1586
750,1590
227,2269
2384,424
588,526
733,2240
1092,1435
1387,646
547,537
2457,2463
1026,1789
2137,776
1498,1294
51,2017
2093,1548
1343,2457
852,1706
1051,1390
2408,530
1268,16
1670,1538
789,878
767,2223
1881,2020
1614,217
222,1662
992,2365
1661,2474
1018,207
664,1439
2009,1779
1182,415
1643,1023
362,887
1358,1417
323,1070
2430,842
1489,702
481,1156
1041,694
1399,822
596,1101
831,48
1615,2432
1167,1554
2390,1387
2088,210
1750,1529
2161,1048
805,1281
853,55
462,2046
1911,1921
764,108
986,1623
2457,643
1008,1274
1528,474
1501,2047
635,645
376,488
1454,1057
217,2301
1370,758
351,635
1733,358
671,2450
325,85
1094,122
1545,2402
1957,112
1159,1630
1694,1806
307,275
311,1794
1322,1157
1473,1674
2424,2501
2136,813
115,68
1667,333
2277,1667
1958,1506
2477,1708
1435,2334
21,151
520,835
2234,1671
308,2421
1918,212
1155,557
1587,564
1503,958
2129,85
69,1313
1359,760
934,1013
135,2335
1806,1822
393,1004
1655,1659
986,1321
1320,885
997,686
2044,988
0,2425
405,1713
246,1369
1098,730
1908,2271
0,2385
2107,2416
1689,559
93,1249
1966,116
783,94
96,378
2197,1691
1858,1719
1252,813
899,196
248,2252
271,1298
245,986
1011,1771
1660,783
693,1303
923,3
1059,1209
2336,235
2005,1547
17,1056
1407,1518
168,2412
2213,513
231,2336
0,1419
52,1263
1821,656
815,1325
1286,1102
400,1288
1989,1292
1227,400
379,156
1498,1995
1428,620
639,2501
875,510
924,681
30,979
1526,1633
1493,1339
1162,771
73,79
2436,1167
494,321
1255,786
1946,1889
1239,2215
1524,846
1689,2436
2118,97
2296,2386
2251,1085
326,1607
2170,73
1584,1050
873,82
1859,862
2101,579
969,1194
565,502
2218,411
1231,2118
1132,2258
1984,699
1674,1924
814,160
1183,698
1718,1193
1762,2410
569,1122
383,711
2167,426
548,1747
262,2143
1605,2465
2085,978
1678,171
1274,23
550,283
2409,861
963,571
2052,747
604,594
1557,360
1131,2446
1047,2234
122,981
1601,211
1984,2121
2189,1157
1738,2227
521,1639
2211,1317
2353,498
1070,1335
423,2037
2258,1952
1165,1987
1325,1745
2242,773
0,1222
1738,2323
1314,2167
1362,283
1582,1757
1586,2019
993,610
1310,193
2391,1458
188,2162
1309,1627
711,542
331,1580
1795,706
2301,2193
1538,2484
1064,1359
2337,1360
480,1995
1578,374
1985,2022
192,317
992,655
2457,1163
1356,1064
372,246
574,707
1315,1468
645,455
765,2147
1155,590
416,1208
1141,161
1311,1728
2110,539
631,1167
591,644
1162,1073
1792,809
1738,436
1507,1661
2500,1585
1033,735
1350,1779
1250,11
2085,2271
199,1653
1100,1541
577,178
2071,1581
172,10
1079,1256
1745,206
2017,2072
1751,1774
1814,436
1269,940
151,1700
849,727
117,852
552,1008
1983,142
1514,88
61,1153
1379,727
167,1245
594,390
1983,429
1020,243
1853,2411
813,1386
828,687
324,937
1341,1024
1249,905
191,1528
162,1584
449,2306
153,1340
690,215
1412,2426
590,2328
290,176
1124,2429
1296,636
2339,959
432,247
1269,1552
1850,1679
2299,2325
2471,280
1798,1106
1826,1966
564,72
1433,1734
192,1877
735,275
732,1572
2133,1013
1060,2324
2223,2253
874,1591
2011,1863
1183,545
1294,1177
127,2044
1187,411
1541,809
1862,1517
1680,2149
82,452
1510,1934
2225,1421
1628,1176
921,953
1892,1588
1887,1076
817,2244
1820,1260
270,1584
1493,1930
2386,434
2160,1194
24,134
403,788
877,789
523,1063
2312,1359
1618,1102
1276,1756
1020,610
135,572
2056,1097
993,1263
991,812
2486,68
946,323
648,400
2073,394
1962,926
306,1992
1333,1624
1018,2193
534,811
666,562
292,2454
2184,595
2200,717
388,1907
1482,170
1067,2273
2056,163
1906,2484
2036,1710
1875,783
2307,25
1571,268
802,1334
27,2472
1640,96
1850,2501
0,2347
2363,1199
1069,1531
1455,438
1960,1772
1612,2336
1549,1830
75,1897
769,2401
1724,2269
1136,1186
822,49
0,545
2208,2264
1918,463
900,473
1157,254
1557,2479
172,858
43,1695
2090,3
862,2070
99,485
44,31
1275,576
46,1364
445,1406
1078,1719
400,1250
1957,69
799,583
927,2098
1095,506
0,1827
1460,1418
1610,1143
1662,702
693,1923
35,516
807,1196
1235,1157
970,836
1639,265
1584,1110
1161,2348
1220,480
1846,1103
1749,507
32,2419
2237,1401
941,1134
247,1796
1633,860
1482,1433
822,84
1429,845
20,2364
2060,619
917,2473
2424,1051
2199,294
2197,2263
1553,1671
1598,41
1608,2423
1744,1364
2485,2468
1302,582
479,950
604,1356
785,669
1290,651
257,792
400,450
2267,1991
1611,2023
738,2076
72,682
1627,1012
1489,2499
1640,77
1465,1064
1692,932
2438,256
1351,1032
1623,531
813,46
2273,355
958,2260
1229,2275
502,1629
2193,725
996,2363
1544,935
8,1246
1377,972
903,32
2335,2237
235,1841
2114,417
2032,777
1460,1664
122,1146
1081,1775
1411,880
2044,1259
2332,1977
550,1240
1973,1857
825,1699
1303,265
693,748
173,2266
1280,1427
272,615
428,2313
581,1405
856,432
162,1195
1908,735
497,1550
2263,1975
1951,1700
1346,1363
527,520
1261,92
567,1314
1941,2000
99,2271
1550,101
268,1997
1271,904
422,2109
388,823
336,1387
937,593
848,3
1582,289
1187,937
614,1104
2179,2261
1421,795
343,1736
1516,1901
874,977
2082,353
339,2410
2479,695
860,2461
1131,2104
1418,850
1357,1443
2204,1275
801,1625
1518,1256
481,364
278,1267
2218,1622
1603,2388
725,2121
319,1702
1691,1389
1460,629
636,1931
2241,232
1601,1947
647,1566
977,698
2061,2333
363,1338
876,403
1365,1619
1460,1197
1040,937
99,1169
395,938
702,857
2158,2139
1780,1554
742,1976
1008,1782
1798,2067
2446,1374
723,2227
391,2126
1946,1097
302,1789
1215,61
135,2306
1564,1215
786,1251
2390,236
293,248
1086,1489
1553,1521
1977,392
191,1347
1998,854
263,68
1250,462
2396,435
818,957
2235,1775
2251,78
1561,1274
880,1211
1066,1362
2408,1105
289,949
1188,2474
817,321
170,2304
374,1468
364,170
700,2118
437,822
1177,569
2363,307
977,488
1574,1588
611,243
450,396
85,1765
731,602
1598,723
1655,464
1072,870
553,1435
1385,805
618,1532
440,1689
68,181
2290,1319
193,349
319,2501
925,1099
1592,894
1321,1315
2081,1508
1197,1602
1887,1942
2342,442
1125,2245
457,1417
744,1303
202,654
550,2044
213,1140
179,728
710,2189
890,619
2172,906
1160,861
2093,1004
1557,2301
1996,2432
990,2171
938,749
2338,2136
1157,2030
513,1812
677,512
2164,512
314,749
282,2090
1070,629
1120,1374
1261,570
653,209
1576,136
61,799
1879,1593
1518,2041
1147,36
1518,1819
903,176
1020,1977
150,1161
1649,1239
1530,1621
802,2151
359,963
467,237
334,1424
1711,879
173,1277
1749,447
2304,1419
277,1563
2426,1464
400,2162
2054,1437
2200,2498
1857,2264
2248,850
931,1290
1717,724
2418,1346
454,1370
1042,1484
2475,1659
392,251
1589,967
1879,235
1354,315
1404,1339
1691,731
1333,1626
621,2025
2445,1802
778,75
159,516
317,16
1143,112
1789,2394
129,2081
596,199
952,1734
255,1396
204,293
2266,1633
1982,1013
1899,205
683,2383
1962,406
1066,701
1153,2213
1746,2226
4,2062
348,509
20,2345
2243,2329
295,2000
648,1131
1801,808
706,2024
1481,1899
1772,1152
1534,707
1512,1191
945,1482
646,2151
1547,353
543,2044
846,1638
1506,460
1980,1733
594,554
1795,221
985,2175
1025,1036
2050,2408
678,2168
2339,1303
1829,31
2470,1247
191,2451
718,1428
1991,278
814,1967
86,2454
1881,1941
1746,598
2310,529
1151,472
1990,2055
1174,1126
452,464
125,750
906,1567
611,868
1444,1323
1162,658
960,1950
1030,1704
529,2104
688,1656
2309,303
284,1326
1117,1176
1871,1546
499,2076
1793,120
2378,834
2032,1157
177,1878
112,1785
359,1142
2461,306
2111,1186
1384,35
1708,1267
745,821
2474,374
1950,661
1599,355
172,364
2480,2084
1015,437
2064,1893
957,830
999,22
1220,2269
1825,273
807,2032
419,1049
1067,860
1146,915
35,326
1203,2463
2405,607
1960,2240
349,701
712,1147
1301,1471
1884,570
1980,1177
2371,714
820,452
495,565
1971,630
1695,1442
83,2013
1102,1358
1748,1156
377,784
826,803
203,2451
2466,1402
1059,2249
0,1763
1277,2111
677,233
100,2081
770,1579
353,920
1730,1812
2152,518
2123,1471
270,511
774,403
2272,1211
1766,702
288,1450
1161,1160
1986,667
1711,1696
1132,228
1999,160
154,713
1729,1736
1503,1881
1157,1856
929,337
2239,644
738,313
1727,1594
754,2068
1141,802
1749,929
1991,2223
1826,791
2225,1785
1001,2188
321,370
1954,2501
2009,186
287,2302
1743,2359
2230,1627
2470,900
2279,707
498,2387
1060,417
29,2160
106,1285
1256,1388
2105,565
672,127
235,1088
1404,2160
1702,553
1534,1939
2217,155
795,667
1121,1717
1992,2357
2349,1889
1644,879
997,486
1917,1707
363,2346
166,1845
1353,1235
644,1485
195,296
503,1423
231,564
893,1227
296,603
2209,2501
1102,122
199,323
664,1426
1413,1852
2331,628
852,1959
1216,2011
183,1513
661,630
1475,1837
198,602
257,2229
337,1527
991,905
1110,593
1118,1857
1100,2443
1595,830
2,1342
1697,2328
198,878
245,489
1267,2183
566,111
1476,778
1771,299
893,1881
1030,185
379,1143
2362,1673
1018,2134
1316,1421
1202,1774
850,832
693,763
1028,833
2396,1105
380,702
947,1519
1877,2322
220,1543
2261,733
1809,536
378,2237
124,1290
1272,1237
552,2252
294,1158
2004,471
2246,2423
2210,1965
1984,1121
0,1655
283,818
1388,2413
2191,590
63,570
1314,708
2282,1972
1974,2124
156,1970
291,591
1509,1351
1555,647
967,275
2097,782
172,51
93,1171
2465,938
1800,1136
1613,287
1760,360
2356,1156
2193,693
2223,983
1926,303
917,1532
569,1778
297,236
803,99
1116,221
1822,606
2376,849
1933,1697
1522,83
1158,1769
1787,1561
1461,584
1707,1881
1459,1387
129,903
6,1660
2152,288
2269,1560
395,431
1130,2216
1198,2402
2032,2019
214,639
49,814
1039,1779
1951,1848
1078,983
1453,1221
1654,905
1567,270
534,678
39,1342
476,935
647,1140
1661,2186
2246,781
1363,2320
920,13
2229,2230
1226,527
249,744
461,799
594,980
1076,2086
265,73
1064,320
2409,1914
884,654
1095,923
149,2354
1369,1895
1385,747
794,2483
683,752
2196,504
291,1595
1139,543
1760,620
1114,732
2261,885
780,267
1458,991
2236,733
2448,600
738,1852
2385,841
265,2106
640,2208
2376,1561
1026,1220
2402,1259
1061,464
1914,252
1115,845
2400,1871
86,665
0,930
1990,1862
1314,2075
591,2265
613,1893
751,992
1354,1800
1473,130
801,821
1737,1513
1000,1023
258,2418
2333,785
325,132
2221,1642
799,1004
1749,1258
1563,1547
230,1550
1674,140
2147,279
491,1698
2377,844
2497,1069
356,154
723,222
924,767
1983,1840
549,185
2374,519
602,1988
995,2153
1898,1566
755,2406
1421,409
337,599
2449,2497
1688,1929
1850,850
1538,293
911,905
1327,1833
1033,2152
633,1698
158,37
302,1712
49,1277
1902,1551
1746,1913
2313,1574
2038,1425
381,2416
1772,1948
889,2292
665,1173
1176,668
726,507
882,873
42,1603
1723,1940
2120,1311
2243,199
7,978
304,166
2450,818
1366,498
492,1502
2166,1602
284,873
1950,955
1111,2347
1504,1868
823,1381
1013,378
200,1208
691,1669
1682,1152
1889,2416
522,2218
0,1085
1143,310
1433,2289
199,1790
2060,197
355,2181
0,2215
1427,1037
1043,23
1641,1600
1178,1904
1991,221
357,375
2235,517
1970,1773
1402,664
2363,1876
425,1476
2282,1914
828,2270
839,1351
954,2015
50,1706
1093,1593
661,760
529,932
438,1649
376,574
1146,2185
124,173
772,635
915,2259
1962,1527
857,6
1057,1702
1741,742
703,1980
1537,611
2049,415
1842,1884
1532,6
951,292
871,1068
1023,2082
2012,516
1599,334
1101,215
787,598
1652,1446
830,2230
781,402
1463,200
1895,2088
352,1999
1694,2070
994,901
2413,556
1926,216
1006,1162
1223,824
53,2053
1613,1901
2161,1350
1842,1296
153,1762
863,2016
1958,2407
2078,178
1181,1976
2081,289
1891,677
1541,695
565,1734
539,1565
1260,879
1659,441
11,2066
1380,18
526,1862
1403,1715
2225,1976
579,1580
2497,2088
270,2054
2334,10
1957,2411
1216,2214
1195,91
2188,721
1197,1328
1859,2253
1895,1519
2461,1734
844,2159
1590,1038
190,1984
1913,852
553,694
1610,407
1330,2498
1268,1381
0,1012
2190,1906
1610,2337
1541,2501
1665,219
830,1709
1652,1886
720,1970
2075,1112
1758,889
2467,1585
1087,770
1813,1206
653,612
297,474
2344,1053
512,1108
1730,1798
1997,1413
2000,668
2350,1257
2007,1374
2475,299
2169,2207
2402,1070
41,1513
747,366
1192,2224
1918,499
951,7
1610,190
303,1848
2361,2437
941,1558
1670,764
103,1456
11,860
553,1401
1514,909
127,1258
428,2413
523,2043
1217,2190
115,2251
2435,2423
440,1748
1666,2340
1231,766
796,2501
369,1960
607,432
310,258
351,146
1498,1922
119,336
1158,2159
2453,1766
2416,1510
2252,431
2272,1897
2417,1488
930,618
47,1532
1837,974
2063,1498
1333,1082
0,1196
506,245
1171,1769
328,1419
761,1562
214,2494
1094,434
1149,1462
215,909
671,412
1511,914
679,595
383,254
2085,1021
1355,680
1770,2501
1553,1700
271,126
2388,1934
1186,147
1865,155
572,682
2151,2089
627,1794
0,1871
779,687
1920,2350
622,1170
612,847
1325,1436
1592,1303
759,9
989,691
436,2492
284,245
2260,770
2216,2196
1204,770
632,1734
2211,752
481,310
362,523
1240,941
1589,976
2037,1509
675,2269
2203,1173
2099,845
2059,2428
2093,1966
715,91
368,39
1285,1681
2250,240
2350,801
61,1424
1051,2007
956,2049
1125,1478
483,1917
1956,2226
2152,280
1561,1443
2334,114
891,1587
157,185
381,2188
1672,1235
1458,673
771,1236
2380,2405
427,1455
2123,786
1411,861
2073,907
1252,948
103,2501
72,46
2309,775
2038,1145
1579,1827
1489,1042
1838,1844
2089,1636
2118,1118
268,486
902,795
854,23
1849,369
36,934
2088,2213
1147,739
375,1215
162,1586
1420,2262
2396,2212
0,243
525,1730
776,446
990,755
570,24
2141,2429
795,1047
379,521
1974,1422
951,1796
1437,594
2262,1231
848,2068
2113,1143
359,949
1141,20
1437,1221
1851,1552
2256,1534
537,2128
2105,612
1438,1608
400,958
1925,1630
179,801
1875,586
1891,1360
2295,1956
39,548
26,1171
150,464
778,1096
1533,338
1865,645
1224,582
1926,1495
1325,478
1493,2209
579,1640
712,1975
1684,133
2088,2245
175,481
1159,2282
2276,2296
664,1292
2205,588
2127,41
799,1127
1030,2481
1424,751
1075,1172
264,2163
2060,1459
2366,1034
11,2021
1594,2090
174,1808
1862,2303
2349,1435
869,1499
2292,2489
403,1868
1455,1902
763,561
1772,1278
421,1476
1826,1560
1309,2381
380,369
1591,2196
2173,1439
1889,1780
1190,71
2112,332
921,677
415,2195
953,2130
557,1316
1285,788
1406,1857
1206,1769
2268,150
1717,1858
417,632
2192,1365
2446,1275
852,1490
1871,2141
1848,18
670,2128
1570,130
2086,307
456,1436
2172,804
1887,1264
1572,1024
1384,619
539,1092
2232,755
1908,1720
751,575
2164,865
1145,2193
2265,1981
282,1517
1017,248
950,1499
120,161
550,687
2448,1689
1198,2172
2484,1377
1829,1383
1131,1415
2101,963
845,1293
184,1194
81,458
102,1282
919,1630
1784,1115
181,1607
1564,227
246,335
329,85
90,1668
2408,898
1905,621
1743,2316
1709,2207
1945,1460
912,2449
2122,1057
1002,825
62,2121
2348,150
1917,390
2187,2047
389,2305
621,1615
1336,2269
766,2314
416,2167
245,1466
1088,334
189,1559
2061,2179
1174,491
1723,1758
2499,74
1953,698
1480,822
1444,1523
1366,2480
987,1412
1172,1604
1930,1327
2137,633
2445,1821
2315,1416
1821,360
1987,1746
565,785
37,2021
584,2157
692,658
2102,17
1685,1426
1284,72
1693,31
1010,1917
1086,2034
990,1418
1242,186
1463,2025
2361,563
338,1409
734,1408
1947,509
1699,362
871,1418
2095,818
1270,1435
720,1139
2170,2264
829,1133
1260,1681
2190,531
1529,477
614,1539
548,225
374,1085
319,578
1833,195
1739,326
249,37
803,1864
2024,1281
1388,1266
1257,717
607,1550
1284,360
152,1358
275,2444
2120,530
1167,2430
1218,767
1193,796
1743,1615
223,2452
767,2146
1035,95
1948,285
1554,249
1635,1471
1632,1959
1021,2171
388,2364
1293,808
1640,379
62,2289
753,1206
1899,642
1682,93
2252,148
488,2173
1294,162
1454,2411
2356,415
2354,543
1997,1000
1387,973
2309,168
299,110
285,1862
1893,590
301,1449
1613,1373
1678,2448
1228,2146
1043,783
1173,435
931,350
1797,942
1193,169
1043,1708
2451,2393
92,18
1364,995
1013,1916
2073,648
387,1512
1192,2342
717,2313
814,519
2446,655
496,1242
1068,184
2109,1817
2098,1967
2191,98
2317,1818
1662,2010
2396,805
1838,713
1264,575
513,2368
2104,839
1179,2113
1424,731
1606,167
1648,1374
258,2183
574,1542
370,989
277,2301
1244,1494
306,555
751,838
706,1451
1115,1029
1306,782
148,303
2460,1810
2244,1178
560,1988
568,890
2084,2076
1290,751
1104,259
1277,2199
1813,992
878,2145
623,1916
1563,1656
969,141
608,241
2118,1840
1104,1528
1445,862
161,62
1732,639
494,726
1638,1701
173,808
671,1877
1512,2216
491,92
1840,142
742,1525
904,660
264,1927
575,797
1177,857
1835,772
986,17
1506,2501
405,2139
2122,2295
499,593
470,1388
160,1797
2440,180
1295,1082
1057,1762
1047,1552
1021,331
755,902
1883,1267
2498,134
423,1718
1437,1987
1249,51
2261,1280
2092,612
1502,541
2412,1305
2353,683
1462,1995
2357,425
970,996
1383,1462
1713,330
756,865
2407,2462
461,2082
709,1449
1966,1505
2315,1376
164,1674
1046,692
902,2191
1613,1268
255,1528
2220,624
945,770
566,499
914,967
150,364
1506,360
2351,2098
906,1599
618,2293
1662,1313
1668,1005
745,2001
963,332
982,231
1928,742
479,1470
634,1429
773,1336
994,2141
2358,2122
1698,1160
2496,1745
232,794
1718,621
201,2321
78,981
190,690
907,1759
611,1098
333,1713
1351,1731
1905,794
636,2462
2079,2391
1869,212
372,319
1907,489
543,1570
2089,2446
1041,278
691,1278
2476,2282
104,424
986,2024
585,2285
216,2221
1710,1732
2130,687
1984,698
2422,2033
90,567
546,460
1735,1399
1680,227
2168,716
2377,268
1158,1488
2092,1744
1378,125
1,2017
1895,1787
2125,1412
794,1981
1568,989
2426,2055
1720,1423
1873,1941
1373,1577
2061,390
1170,964
902,2206
199,8
2420,1736
0,815
998,1935
1,1407
2189,2501
1829,2309
0,991
0,2426
0,2390
916,1050
275,373
789,174
1998,1666
2172,775
1360,1963
581,2200
2399,732
613,640
2204,319
537,2127
1038,1832
913,1772
1461,802
1411,2482
1174,1187
1847,1198
1719,426
2354,1791
930,1018
56,2080
1940,93
2110,1999
877,1645
1717,1756
1622,374
728,1587
76,1252
1074,2147
1282,1715
1882,979
45,919
1593,761
134,1866
2234,2492
260,172
1444,1422
544,2009
180,395
1111,953
966,2132
150,1430
1831,51
1433,1157
1895,837
1704,2399
1492,1142
1629,1664
275,1581
1221,1206
374,907
1690,528
53,1440
1209,324
74,2231
883,1721
2401,1595
2408,1662
1563,713
182,475
1057,757
2493,2470
75,2131
331,1259
606,868
138,397
2264,2035
946,1983
612,713
1276,1404
500,1923
2335,1192
1027,2255
2061,941
1133,561
299,1181
1882,89
1286,325
1586,1059
1879,324
2183,1544
61,252
2140,1858
1153,799
1220,447
1491,1148
187,2319
274,1911
1931,1359
1850,500
2004,564
1810,2492
2167,2049
259,1193
742,82
2374,2352
488,566
875,2039
1662,1024
262,760
65,1753
81,1816
2477,639
2319,586
2052,640
289,1726
2408,1531
1924,2372
1222,2147
978,2473
919,445
1964,73
1500,1896
2419,1455
511,2261
654,942
2075,1661
2264,1704
1703,547
730,1153
2045,2287
663,1773
1066,2016
1444,1951
2004,2140
577,2343
903,1025
2225,2297
330,2028
1333,552
107,1922
166,920
225,905
978,1360
2358,1718
1705,1682
193,2136
64,1001
586,1780
1431,961
2122,1046
1947,1512
196,156
2146,2096
13,1523
507,1122
210,131
1381,1991
2293,1733
120,586
185,1281
1224,346
1423,2044
2157,1211
1925,861
502,1512
760,1034
1931,2384
468,1344
817,1520
2307,1872
2358,755
2139,706
480,2293
82,2021
2180,1221
1,1353
0,798
766,1745
2249,1531
32,2140
2276,1874
1948,1460
489,2236
369,1210
1268,875
2302,2
1017,1727
919,28
2232,1406
1494,1650
1306,2501
2129,1985
1922,1505
1194,1879
490,1109
1091,2011
495,293
2293,2478
1882,141
1248,1605
525,2055
1046,1694
1390,1160
394,1516
1900,795
428,790
769,500
2279,1409
169,2211
116,2131
1501,1094
2393,101
1675,706
288,1404
1222,1907
1429,1162
1302,1008
2457,2335
1647,225
1127,2136
610,664
992,1584
599,388
2039,975
1397,1564
537,1012
1609,72
1434,658
1434,2347
1593,2501
768,1194
283,665
1576,2247
1621,2204
694,780
2346,1003
1517,2212
635,1896
1002,1755
1366,496
0,1137
1992,1758
1446,1120
1556,2218
2013,649
626,1710
556,1072
1637,63
430,1391
2254,553
2400,892
161,2433
4,321
2053,2345
715,261
1495,1237
1448,768
521,1579
668,83
233,832
548,524
1482,280
965,4
469,2219
757,352
632,134
1294,2043
317,741
2495,1554
492,936
903,1455
2012,525
554,2277
845,604
2417,1008
1927,1977
1221,1276
1359,1494
191,2008
586,1964
699,718
1539,1936
1390,1270
1069,543
2427,1335
2080,925
249,195
1352,886
2198,425
1290,322
2473,2021
2078,64
861,1685
754,1438
809,2262
1563,2485
1223,1210
751,313
481,1916
1064,1513
1271,1893
1319,1241
1495,1700
1906,1780
784,1196
664,660
293,968
601,1109
244,567
48,1896
902,2150
310,1716
1112,1790
580,1849
928,1179
1198,574
99,8
0,946
2168,1113
1463,1549
2105,824
808,2458
506,1723
1250,963
2102,902
707,1707
1250,466
538,122
1544,2033
1836,2182
625,268
1503,1163
544,664
771,220
1081,1862
1850,1124
1401,1517
1621,2228
1910,132
2008,868
730,729
1187,144
1345,1080
665,2466
1340,1851
571,1362
1105,214
2298,1258
1847,209
1712,1669
380,2140
0,442
2023,29
1769,1358
2329,1216
1168,275
1513,2384
1451,1370
951,870
142,315
1725,250
737,1121
192,1935
1750,297
664,2266
540,1129
1020,432
259,864
2401,208
2014,76
1490,1370
169,779
851,1362
137,1646
2438,2272
1670,1425
1343,2140
767,2501
462,1525
1495,1073
684,1097
739,2350
800,2018
1984,2402
258,2499
2211,997
2265,2374
1664,604
2472,166
1029,1522
183,2033
2272,1608
1775,972
2382,1014
2099,32
2083,409
1136,2151
1282,910
1619,494
254,2369
1330,713
1191,1752
2228,1783
1520,1800
69,413
1350,368
2187,955
488,46
173,787
1714,1535
2266,63
1496,775
1990,2315
1279,388
370,680
2076,962
211,396
2315,378
0,1118
764,2487
1109,1559
903,729
2002,458
720,944
2189,990
2085,2151
1893,1536
1615,1278
1779,1199
1101,421
866,776
2354,2163
1022,1672
2404,629
171,250
1794,464
378,687
2413,1434
1536,441
1594,1919
1983,166
569,2188
918,1840
2267,995
220,362
74,1332
804,2184
1634,630
513,172
1436,1473
2175,1640
1721,2310
2218,5
2221,2272
2500,957
1334,883
2066,1375
1998,1773
2175,712
1364,2165
2156,345
1658,1
2062,2139
852,1177
2303,1329
1733,1039
777,931
2467,1030
1580,1755
1693,2071
1068,2259
2255,546
1853,680
2392,1801
1957,374
2056,2411
58,2501
763,2200
15,726
2131,1635
1980,2408
481,1348
166,447
406,2317
2037,1503
2067,1328
250,1183
412,278
1948,1571
1910,2200
669,1417
1287,899
259,1093
791,504
636,1830
132,1235
917,2060
1639,2201
467,284
1413,1385
1385,370
539,1501
1794,953
517,1657
751,1685
1208,41
1614,1272
0,1751
2174,2040
816,691
1147,1848
1992,1893
1609,2446
594,1520
880,9
410,2255
2013,2326
1102,892
305,282
1410,163
1430,968
1342,1009
55,295
1645,854
49,502
2191,488
271,1593
230,2247
522,1650
788,36
2152,1470
0,2153
1481,2437
785,1645
270,739
977,1003
1461,1406
951,2336
772,2181
754,2378
1069,183
692,2005
674,745
1488,888
729,1220
541,533
1093,1472
1368,1678
745,1707
2072,2102
1129,1232
46,2054
932,173
671,1876
288,1218
1445,1007
151,416
915,1977
2161,422
800,1132
909,1266
1191,1786
1645,330
1284,2054
82,1078
653,1086
390,1937
1452,469
1538,253
64,2462
356,1355
1975,654
2204,1638
1531,666
613,1650
2458,1914
1008,1387
715,1810
1046,1432
656,268
175,2451
2434,417
1582,837
1035,811
509,1573
2412,71
2242,1523
1974,35
321,2434
162,623
1260,2228
19,1357
884,2190
1782,607
2050,791
1611,2374
609,857
1212,1213
1304,696
104,2201
2289,1008
2055,926
407,2432
1285,928
918,554
1827,273
2191,1270
1141,455
1158,1384
1772,381
1496,149
1975,1468
1898,1285
987,688
1768,158
1351,144
1114,846
2325,753
564,1397
2166,18
1856,1085
1415,792
2387,1214
145,394
87,645
1704,1743
1557,455
429,1522
2442,118
147,2373
967,1706
19,1026
442,1571
628,1612
778,1025
1639,1696
844,270
1474,2063
2091,265
859,1617
1291,634
1777,647
458,429
2082,965
1272,2482
599,2430
796,129
738,15
627,1388
1741,2450
14,1329
1603,459
867,372
1708,1671
1325,1000
1317,276
1585,284
691,463
238,445
498,78
2128,318
0,1885
2424,1518
1956,742
668,318
229,1710
2058,745
506,74
951,1342
1920,569
628,2300
488,459
1366,664
276,1195
2449,1198
514,248
1791,1532
660,2452
1665,904
1510,266
350,1108
852,339
150,1583
1704,2349
1176,1498
1796,2468
403,499
812,176
851,1051
1423,2413
525,603
283,1572
1186,1121
1575,2295
500,1925
1671,1283
2060,2492
2143,1170
1040,1888
241,2101
786,1917
2289,2144
1395,2404
1257,1992
1291,2076
14,107
2357,2381
1722,1874
2096,120
1533,2388
1653,1215
1518,595
1993,2273
2426,807
690,299
1223,600
1847,1314
2343,748
2164,2279
2111,802
916,304
48,2320
819,1044
1839,1374
2252,1224
194,1782
438,611
1602,680
962,151
2387,1245
2466,2326
2499,2414
2130,2028
487,2462
1969,2192
2351,13
511,185
1094,2402
2437,200
1421,2024
1523,788
1045,208
1426,2393
1951,872
551,2239
1578,2471
459,1694
152,1207
1234,2007
425,913
1776,431
1224,1990
209,779
580,739
1637,803
34,783
690,986
1922,260
309,1928
1277,1596
2290,1285
1455,1206
356,2015
596,1941
1354,2027
1895,2297
2406,309
1176,556
1768,91
1754,472
1206,273
186,1303
1892,1947
1327,1564
638,892
2284,2166
708,2350
1284,1283
129,1663
812,2471
2267,2481
1826,1710
746,1468
2493,1154
2132,1579
1618,1773
1826,974
1193,1186
2134,2183
2026,2387
227,1424
2389,1248
757,1626
2202,2474
1789,495
768,1865
441,569
1441,375
138,1073
1722,2332
2090,854
808,521
2279,112
692,178
2137,2376
2238,2382
1353,38
1063,160
1427,1765
2398,130
1749,602
2353,1124
1779,2254
2353,1847
0,312
1690,2293
246,2022
1946,515
433,436
271,1114
2143,1923
95,133
717,1154
1440,1051
182,1644
53,1566
2461,1382
573,1114
329,736
1951,2111
602,1472
1063,1977
356,973
801,892
582,2345
398,1659
1661,634
1071,1358
1675,223
894,1017
1056,874
1884,1841
2274,1776
1779,1224
2488,750
1683,1908
528,31
2442,1359
1872,286
2168,886
2349,54
1825,485
1168,1053
29,1647
1540,1191
2308,316
250,699
1264,970
1611,2344
953,2029
639,945
1521,1999
1624,1336
679,1364
760,1063
5,475
1369,1395
874,708
341,1340
1426,1038
2109,1076
2130,533
2095,826
1466,2138
25,806
2013,835
2185,1804
2407,1965
1919,2286
2106,886
846,1742
1322,70
1635,2229
486,2041
533,1651
1387,1312
1855,1678
2482,706
1115,987
398,1163
1182,1670
129,2150
2213,10
165,2307
1439,1982
1357,2496
743,1844
770,2445
762,2224
2057,1077
2490,1441
1601,579
1689,1031
1084,1635
330,426
2190,635
1570,1377
2236,457
1648,1332
2188,2313
1517,1732
2106,434
287,1685
712,1583
1668,777
1178,302
486,782
54,1411
69,2081
23,774
1188,670
649,1031
2050,399
441,987
1231,539
800,778
2004,2298
663,1170
1482,1357
321,640
2288,1567
806,1444
1732,193
1226,704
442,2042
2055,21
413,2380
842,1752
1924,389
2293,687
232,2250
2452,1008
577,1467
1099,460
1066,2154
206,2004
1484,567
2392,574
2253,100
88,1849
951,696
1616,2412
2415,1574
1745,1069
2475,1704
1853,314
740,1253
1525,1321
1101,1696
182,853
662,2210
589,452
1098,2326
2255,1119
618,1362
1244,2362
1287,1524
1275,722
327,2458
1843,1404
814,2147
1044,909
2194,1671
236,2331
1799,608
1093,777
2167,98
67,562
1242,1948
1304,863
915,1954
1900,1234
1591,2351
2110,1690
33,2202
1204,1655
842,560
188,288
2256,2206
2046,73
2114,2438
1234,2042
166,1065
404,2250
2297,1796
450,101
876,1247
290,1508
2073,713
1279,2014
451,1330
1480,2108
1844,1055
1059,1159
265,599
1246,1691
1014,40
979,2053
907,685
1576,2300
2260,2031
211,2445
1364,543
150,137
1763,2422
2280,1115
2107,109
776,2483
1426,860
1480,1562
19,326
2260,1288
757,1860
651,54
162,2149
2171,2277
2354,2501
785,159
1009,1552
2459,1372
1141,2501
301,1774
1841,2056
466,658
1040,127
223,332
2339,1604
2390,2237
1111,2349
1937,1753
914,862
1311,2343
2082,2314
1893,232
1991,1220
899,349
1581,1237
1962,92
99,321
1238,1782
1548,387
1115,666
2381,1768
1028,2486
2183,1723
106,1711
1924,1692
676,813
967,1283
1464,2407
1864,744
2224,197
639,2225
844,1143
2346,2218
362,310
795,46
168,2255
1158,2231
1308,2411
1836,1955
571,1091
1290,1451
699,1369
1229,1630
1238,281
1378,1703
552,1209
572,1043
1290,1226
2367,1027
1039,71
14,960
254,1257
995,1555
1936,1823
1415,2034
1041,1675
1482,2204
174,315
149,1648
2088,2122
0,1501
2110,2015
714,479
1384,1753
404,176
1666,1649
680,65
302,2211
1131,1621
667,1913
778,2250
247,2219
2110,91
2119,110
192,630
1247,2069
1189,945
1177,1245
761,1087
685,88
2003,1015
226,1986
2451,2353
710,963
1220,1111
1560,630
2207,1597
47,2386
1616,1894
1798,2100
2198,2119
419,2409
1389,715
1050,1026
1132,674
651,2282
1288,359
1439,1231
934,1856
2152,466
2043,871
2365,791
1375,1379
1315,2501
2089,1416
2195,1070
2427,2209
2329,1626
1887,869
1369,1639
1900,769
1962,1756
2082,615
1568,2342
2223,1481
1807,331
1151,1724
1682,1942
1184,118
842,1321
1889,1656
1944,2188
159,1739
1076,1020
1146,1569
1855,1865
2075,1272
1649,1838
1070,1712
299,2031
1525,2491
336,939
623,1368
360,2210
1695,1151
977,1376
1205,1318
854,973
1205,280
1009,1733
305,2069
1240,276
1452,1195
1905,1298
2428,276
1779,2027
1954,339
814,477
2361,2199
17,391
1896,190
510,2426
87,33
275,455
1393,2354
770,340
1853,635
2266,681
2179,1043
0,833
269,144
1136,1202
1563,1988
444,1250
1290,1053
2144,851
937,2149
1902,167
1838,909
436,1560
135,302
832,1541
1141,2001
1058,239
839,204
1206,1479
696,8
186,1182
433,1998
1386,50
17,2246
1749,1446
1568,1521
1372,776
2447,1306
2473,216
2257,1848
680,1661
1673,1721
286,1218
948,349
2116,2288
1500,1491
1183,1182
1304,2258
1985,1230
2443,2395
1759,2192
1346,74
2000,638
1619,1698
1073,1249
2377,1656
80,2370
949,1357
1778,189
677,1745
2151,227
1992,776
1190,2252
2332,1406
185,734
559,2463
332,1233
835,1029
401,730
2207,2387
626,769
965,2366
2340,1654
2449,1185
425,1187
791,1113
1662,1123
157,2454
435,584
12,699
1525,988
1362,1212
1266,606
2216,9
1414,2501
639,1941
445,1294
1789,60
798,2457
1061,723
1363,1829
2257,356
928,2229
511,2268
476,2281
2164,2253
210,1553
44,346
1505,2165
311,2298
1087,2501
44,527
2125,1577
263,1966
64,1871
343,2407
1206,663
1432,1708
737,1112
107,1305
2284,2501
76,2006
913,1669
840,761
149,138
1662,774
1700,352
2199,2236
450,1083
308,2436
1422,1813
2167,2362
1646,648
1789,953
1986,700
1124,706
1161,1180
271,2214
1601,1476
1671,442
1495,2207
983,1722
688,667
1628,1148
1573,790
1427,957
1204,2030
2402,1006
1934,2399
2222,2065
1099,2418
1272,2138
281,1982
1809,2131
1625,2501
1135,22
1257,1024
980,1092
1543,176
1529,14
1201,524
523,889
1837,1511
2160,1269
2084,521
1703,1250
668,244
559,2277
964,436
2458,1625
416,994
1270,136
881,2014
1209,1479
1271,144
1636,145
1730,618
1493,808
195,603
2167,2176
1532,1955
1232,2348
2156,1273
1106,803
971,1997
110,151
1827,1218
2337,1322
433,724
839,1945
1975,1638
2039,2198
860,77
1896,1748
2161,1121
663,535
173,2066
928,192
330,436
739,1254
1754,1461
1474,1917
1618,2037
318,1222
180,388
2180,1186
656,836
2136,2396
1095,1638
2348,247
811,133
566,1151
1211,2324
1999,1198
1281,1119
1442,2317
993,1072
737,1848
1916,904
523,1415
1502,382
629,913
0,1665
335,1856
506,186
394,2468
1513,1071
545,2366
102,1110
1848,2491
450,1354
2269,1662
2290,1362
260,67
990,119
1143,2422
564,62
1809,1625
156,798
1775,628
1908,1862
10,2208
908,1890
923,107
1447,537
1807,329
2002,791
501,2495
1478,2206
958,2093
863,1009
80,2450
1572,1568
1069,1861
1535,450
2452,2010
2031,2296
1280,606
2066,430
1728,402
1065,1900
617,1455
1924,1593
289,21
879,1435
1414,65
281,196
1828,1065
257,125
2314,1010
1543,375
2104,1094
1925,2501
1754,56
337,405
68,1891
2300,1174
2399,2478
1589,1428
1856,1443
67,786
451,1784
1621,2080
463,1765
410,318
580,1635
2005,904
892,2473
438,35
310,2091
1511,1666
303,1251
1539,1734
693,2377
1633,1333
1417,2501
2018,2016
1862,1
1698,1905
1657,1968
1158,867
365,164
580,1963
289,448
1600,2230
1516,2498
156,9
1595,383
1271,1291
1035,1721
1110,1550
1666,943
764,133
1200,1108
91,1537
1195,1712
1128,780
778,1490
1335,2355
1949,1418
2469,1658
1583,2078
1707,1463
123,305
2401,2116
600,1412
845,731
2118,2408
563,2244
468,2354
1200,2216
1399,903
2099,2439
43,2394
1981,2043
1981,135
749,141
313,1740
1256,1949
244,1464
1074,978
2246,444
1805,1371
1743,2392
1840,564
1323,1703
99,2274
2480,2386
1969,587
1028,1044
633,2324
1629,1948
306,1016
117,1874
338,130
1488,952
719,1239
630,502
1736,388
129,1997
2079,1985
1881,472
138,1931
1073,1997
888,192
2182,2194
1487,352
197,704
828,1102
1601,255
2318,1184
1498,1652
2367,576
2079,971
2395,1814
2039,226
1504,2028
