2501
2125,2081
206,1926
35,1771
1466,1456
2463,1367
746,360
711,2100
1395,2408
319,351
1566,424
2451,35
966,823
1001,703
215,2354
920,212
668,2148
606,651
1194,133
454,1777
931,2
2214,1832
617,2413
1310,1853
43,2140
1841,1929
876,1514
1669,176
125,2444
775,394
898,229
1705,2448
2449,837
725,2205
902,1781
772,1037
272,2124
1609,1622
1200,1235
124,1557
1534,1958
1545,2440
2194,2501
1182,832
1161,1985
977,2128
291,159
1526,1922
1334,1111
1073,2323
2006,737
764,1086
237,1863
1363,675
1153,402
372,1517
1411,1503
1114,364
0,246
2435,2192
936,13
2381,1682
1882,1378
2221,2327
262,2471
1371,2501
2195,2310
973,300
2456,1099
787,338
1489,374
2435,1182
1554,2157
658,856
445,1076
1732,622
1121,1523
2374,1993
1386,277
2420,2244
1917,533
2046,369
1975,234
306,1603
837,2282
192,175
358,2090
1140,2240
1567,655
2268,25
1468,972
880,50
279,2063
1728,1961
415,2391
1655,1189
2199,463
1315,1152
405,32
1078,2501
1398,276
51,1136
1588,1787
1458,1053
1979,1080
885,1914
1819,22
1001,1410
895,1700
1932,1455
1448,644
496,1899
1419,464
2488,985
1840,2045
1504,370
1625,1828
1495,2487
2337,1748
2422,1475
1096,2174
894,1515
900,2255
1207,165
1336,1361
830,2132
2491,204
1593,1349
118,2188
371,1183
561,97
1137,1815
1857,1843
1848,1897
175,1489
2066,602
1099,2243
1604,2145
557,1283
420,2028
1849,2251
2343,1191
1416,979
417,245
2117,2494
198,1964
1679,729
1251,598
1431,2363
1850,305
1396,1012
220,822
1057,873
1998,2302
654,2313
672,1676
1406,729
1298,2397
1084,1121
1094,1392
1955,173
2186,2288
116,1824
745,1379
2495,238
1242,243
2336,1837
1570,242
1176,1155
2396,2151
750,117
699,63
275,1576
1405,1168
1997,749
643,532
914,764
704,1630
1966,1254
1306,557
1317,2033
1697,1513
2079,408
1958,2408
222,276
854,132
532,1374
422,1577
989,2352
1631,1560
2021,1160
756,1308
805,148
154,1781
678,44
1614,1309
1495,114
1038,1
847,2404
2367,673
1175,1532
1273,1196
1900,2076
413,87
2076,2055
2470,1979
1828,2337
1311,1491
2357,1840
1880,2501
1566,76
1184,1222
304,1441
15,2022
257,2466
2303,2102
2210,1668
1866,1676
2464,1924
588,1120
0,1756
1726,1789
1611,1670
2158,987
497,62
76,58
1275,449
1122,1529
72,1610
2224,2098
1906,925
1883,16
2434,1313
2468,1619
790,1940
1851,2461
2184,1730
2444,2445
1263,446
2236,643
2048,160
109,1996
549,334
483,2433
2012,29
1036,733
2412,1544
2042,1021
1687,1199
1133,596
2341,909
376,1119
1592,2454
166,435
812,680
1169,1815
1604,1773
1873,681
546,826
455,100
1309,825
2219,993
621,185
2259,2492
375,2447
1412,2327
1206,232
413,2295
2175,1738
471,2057
864,1694
1361,2346
967,311
1593,609
2366,1101
376,2081
537,2263
151,596
2044,2338
348,971
2109,1425
1041,449
1424,2452
1478,2081
281,112
1122,1054
698,990
2336,2485
2221,667
2076,1192
2461,1235
1789,1007
1058,2501
385,2040
2355,765
407,140
1172,2386
895,1583
1409,1906
87,15
819,730
604,2049
1948,1917
725,1510
485,722
2341,1260
1158,896
1976,338
722,2441
2385,510
1631,1583
2085,1955
1276,1895
2183,206
1188,1890
2128,911
2403,1711
1736,2501
12,2352
2199,1470
856,1655
1521,459
277,1241
1032,32
2192,831
357,1310
140,531
1164,1534
328,731
1925,430
163,384
1360,1376
918,896
1388,346
1538,1321
227,1291
2249,1530
817,2141
2179,2075
1504,794
981,1458
0,257
483,658
159,329
1832,2164
1454,326
2187,2248
743,619
1828,1061
1618,2271
1943,2202
2090,2501
1690,758
1052,482
998,1369
1161,619
2360,264
2051,1068
509,133
1233,2329
437,1766
1270,189
959,2168
1313,1052
2359,1184
2262,1603
2031,309
2411,48
2478,733
371,1605
2445,2400
70,2342
1887,2211
1853,547
1286,438
206,2203
526,150
1619,2242
835,570
1639,2477
2318,17
943,2029
976,1974
2232,1446
2117,1613
1248,1560
252,1518
422,348
135,1293
2110,1151
978,303
2086,47
429,2042
359,603
1864,1644
6,2207
1710,2060
483,2237
644,2063
915,1711
279,2458
2450,2237
2082,244
1059,1678
127,2246
1878,1071
273,1593
973,2173
2316,490
893,1360
1221,1585
1741,1027
1478,1390
779,1410
430,1545
27,2176
1431,55
46,237
266,724
277,1469
688,35
2,2419
1115,720
2028,2065
1701,1334
1299,2
1874,16
1755,1123
1917,1348
1306,2340
1614,1641
2038,1039
1761,348
2400,1457
1112,539
725,2208
1023,258
2389,1602
2486,2495
56,2045
1081,2210
0,1211
1702,249
98,1595
2238,1972
1840,2092
952,2257
1616,498
1885,1967
2251,2312
625,515
1864,1700
1436,779
269,25
1824,1074
2010,38
31,2084
46,1268
865,1801
472,2372
149,1018
273,1451
446,511
2012,1390
1550,297
1024,1698
441,402
45,68
1946,392
112,1640
2321,180
1010,1179
1187,2236
2207,1272
989,1575
175,2324
823,165
2000,1949
1196,184
1103,1560
2052,712
1172,1533
1637,448
542,1902
1157,2114
2379,1645
1930,2353
850,1845
1064,627
1189,1545
1613,1745
347,101
932,1108
359,1503
191,584
2323,433
1716,481
2320,769
1726,2448
1739,457
536,621
1919,866
505,450
832,188
1365,2414
2225,1500
696,335
145,2248
1582,1931
218,1208
2382,881
1953,2501
658,1393
80,798
1034,836
508,1594
92,2251
415,1416
1377,1757
2049,1489
1251,382
2346,969
580,345
2082,2214
293,670
1285,1263
856,2291
1515,1120
2375,2276
1741,2415
807,2231
2421,234
323,373
1161,1601
893,1761
1903,752
1230,864
737,751
1415,2370
845,1382
44,1169
1868,592
1442,745
1588,306
1343,1287
25,1394
2423,1057
628,2212
170,369
780,1405
436,1793
2298,513
2204,614
1793,2157
2296,877
1356,398
1699,364
525,725
1201,2089
1728,82
2317,411
109,2153
832,1186
604,1347
2379,2306
1171,1059
1970,1792
1457,592
2137,1491
2194,522
43,1621
788,550
1473,150
557,2262
132,1808
2300,1412
1751,250
769,1418
319,915
1182,814
1299,316
414,297
2098,1083
260,1974
1811,288
1148,303
1276,948
733,443
1294,2454
1112,1120
2463,896
2287,1923
1321,1616
65,1393
2108,1930
761,2268
1601,1085
2044,912
2491,743
850,688
109,2501
313,1919
1714,1585
740,507
1295,989
576,1972
337,2334
1943,1368
785,1246
2145,355
2213,1023
571,190
1854,1068
2264,2388
484,1045
936,1077
1637,2388
1511,636
178,928
498,692
690,1527
116,1432
968,1869
1742,1268
701,667
1408,1000
847,1000
2205,286
1231,2077
2127,2097
1599,2189
1621,35
2125,2040
1205,86
1031,2236
518,1425
2229,2367
1670,1474
1906,6
373,328
2032,649
381,1373
2367,851
2296,1726
370,871
289,2469
1683,1552
1320,199
1134,1844
658,882
992,1315
2037,1462
1967,507
906,859
2143,2003
0,1234
1946,749
1973,1450
1164,2489
982,1869
916,997
138,1254
1854,1536
123,1124
461,441
332,1108
510,477
1848,2263
1145,1623
570,1052
1769,2493
2458,2379
1895,1141
2123,320
1876,720
984,1714
1821,347
1072,490
1971,419
80,2501
588,1355
1871,2091
1300,1647
535,1624
1161,963
1445,130
2354,1558
1883,236
2397,832
2190,1305
723,1539
1107,1964
851,150
431,611
1735,1120
210,1596
1808,23
1050,369
952,306
1512,282
224,1337
81,135
1234,1770
1744,1150
265,184
2009,884
1006,1103
529,754
2299,951
1228,1143
664,1306
1633,111
2100,2432
661,385
809,1664
181,1947
1113,2245
1262,1052
412,91
353,763
501,774
655,551
1043,1466
0,356
485,2213
1484,1624
155,950
2239,1183
1224,2178
1381,257
2145,928
38,1957
1243,615
2101,1246
502,837
2341,809
1190,820
1082,498
2424,1229
2090,2443
2194,2239
603,271
1393,1862
1573,819
722,2242
161,821
1309,425
0,1207
2263,400
1375,187
2193,1464
973,965
1891,270
448,1167
900,965
290,1202
2013,348
674,2356
2250,1140
1057,326
1463,2437
1534,1576
1613,2349
48,856
212,1861
1077,2098
1582,475
2232,309
2406,1497
2131,2453
243,114
1577,602
2036,1907
1181,807
47,791
2100,1292
1981,293
1174,672
1867,1997
475,2480
2100,2501
635,483
2037,2164
1919,2087
738,814
1055,1762
111,239
2086,445
1891,1552
2066,2283
1862,1426
82,968
1949,967
1667,1846
2057,419
2304,1444
730,1907
1987,964
453,1328
55,32
630,668
1975,789
1441,1215
1629,1950
2015,1289
1695,1973
705,304
2184,926
1164,1121
655,988
833,1100
1216,2446
785,1740
1272,77
1081,1213
1304,631
1532,1342
1287,1390
1300,1886
539,207
16,1912
859,651
357,945
827,2190
434,1064
1398,1506
254,1956
443,286
2021,1379
1407,1488
1918,599
1762,298
1541,1372
1930,2319
1294,1153
2069,767
714,110
1457,940
1911,729
1682,1572
727,1828
1459,1544
307,1225
602,125
377,614
1859,1063
804,1625
639,1992
2139,1466
2246,1872
1847,2411
2348,852
1409,2333
1012,858
2055,1299
1996,2445
1775,2354
1064,128
519,1097
820,1594
578,2073
1242,297
306,567
197,265
442,2025
1249,1641
558,550
0,2376
2157,329
367,1549
2353,1168
1648,355
2002,2138
1307,312
472,51
1804,2145
1393,401
504,1337
421,1831
1805,1762
2131,2297
2245,2058
833,508
1260,740
1293,1835
143,1511
149,565
217,1806
1618,1375
1584,977
2147,1603
563,1574
126,1926
1066,348
1360,82
713,1639
1603,1096
1742,10
1072,2383
2009,1600
1589,1452
2200,557
1245,2138
0,2069
1104,612
485,1455
2146,853
1360,2011
1565,544
1525,1617
1009,1320
737,1740
1666,444
2387,1423
426,1192
1625,662
1833,1185
1967,1560
1387,422
282,2466
561,1699
2326,2042
2017,2501
485,1591
1447,1852
1394,1217
747,2076
1941,1121
175,1380
2475,118
749,1929
790,1342
1856,607
1311,1382
715,384
1924,15
469,1552
1495,691
2242,1430
1014,1369
236,721
1891,714
0,845
1951,764
0,1205
1129,352
797,1325
71,2402
534,2033
2287,2370
1654,234
1715,1563
2461,829
534,633
182,2152
1882,1971
1700,1394
862,160
1060,1252
868,899
1164,980
2133,1506
534,164
1304,2293
858,1706
1302,114
1158,2200
1471,1842
822,760
1547,219
432,1469
807,1803
679,193
2273,2023
2217,1825
1589,1047
1729,938
148,435
927,1286
954,1590
1428,1334
2306,254
2345,2160
648,2237
0,2348
2035,868
1641,1215
2003,616
507,142
702,1486
766,726
2206,1681
2306,1468
1139,877
2085,1625
478,2116
1072,1015
2157,840
1449,2462
1000,51
133,350
1186,2478
62,926
884,1395
768,1073
1391,909
2369,2262
1289,1107
1337,1553
1946,2194
1540,1079
314,433
2180,43
1108,1566
1752,2375
1902,1212
2167,71
1123,1679
689,1394
6,1790
153,963
947,791
1198,1475
968,2221
1927,982
1771,802
1791,2409
254,952
1663,847
1144,1077
1065,1200
2204,1539
469,1567
2456,1361
972,519
2098,908
852,398
197,1391
2240,1794
1619,2266
759,1282
1194,204
245,758
2189,1229
772,1960
2342,699
2226,1342
275,1909
2095,1172
2485,661
2313,917
1561,1452
923,335
2177,404
1846,807
947,1442
0,1017
292,57
1448,1106
1104,2176
190,2382
606,605
1651,1952
278,247
2398,55
2303,1446
176,488
585,1921
459,449
643,1564
71,2272
17,1023
1614,2205
12,950
870,2336
867,1935
669,321
202,1898
1184,1258
2215,1020
1898,2056
652,1503
1325,2033
1836,516
1491,424
228,1102
767,2243
910,1873
679,825
1644,49
1451,2428
1116,803
1504,1784
2055,340
2139,698
2069,2057
813,853
0,2108
2010,488
1755,529
112,1216
589,2245
1695,198
2293,2035
2251,115
147,1815
1857,2100
316,1367
2350,1481
802,1631
1846,1824
1856,339
1474,517
2070,182
1710,887
1640,1823
395,1259
683,2088
132,1988
1522,216
264,99
1548,892
1990,2106
1590,91
998,2191
863,985
676,525
1618,2404
1328,175
1398,526
1074,1368
2045,2480
1701,525
1376,161
2254,498
1799,1569
435,2501
219,973
2016,712
2107,1442
2,1534
2342,1633
716,473
2278,329
1310,2359
1776,567
890,2416
2218,1873
1528,1413
1445,151
924,2237
165,1033
451,1076
0,322
1609,993
1544,977
662,2326
1491,1075
154,2274
111,1845
858,996
1088,2173
510,2274
947,991
2422,289
2348,217
1796,1455
723,655
660,276
2447,909
654,851
626,2318
1076,1598
350,35
2459,967
0,951
874,139
703,1467
1648,331
2484,1028
287,609
1504,1887
1812,235
695,2208
941,654
2179,386
1525,300
626,2019
1491,694
2480,1041
1604,1099
1932,1176
2360,169
906,744
351,1007
655,768
2137,963
374,1638
500,1901
1771,1551
2109,402
120,1986
1527,329
1103,994
1314,1182
0,1967
1425,740
441,809
124,201
304,398
137,1889
147,2013
488,472
602,1153
963,384
933,1648
2451,351
140,283
1947,1002
204,1708
1400,395
95,889
148,772
2224,598
582,168
0,1367
1070,537
2438,74
1502,1628
705,1734
1497,243
1107,1063
1005,1580
2320,1699
1458,2145
672,1526
1907,81
1021,701
1444,263
82,311
1458,1284
2499,823
513,835
264,971
377,1805
1139,53
1593,1186
2135,1410
986,1950
1560,701
1908,2171
12,868
1096,758
360,1761
1582,2458
2006,946
74,678
507,1466
2123,748
395,114
619,1459
1195,1590
509,1014
1379,1863
399,1944
9,2404
1239,15
2227,1767
2420,903
803,1225
1005,1797
2042,1690
1092,2452
1959,257
813,1391
1679,285
1399,1533
2171,206
988,1839
2087,2467
796,1390
1811,185
1618,2116
1303,1788
1549,2118
1322,2331
101,765
2355,1581
1914,1660
2116,322
1099,683
1144,889
2074,1586
1160,1092
1835,1525
646,57
1039,1422
741,2255
2049,413
2041,80
422,480
1043,560
248,2012
1033,734
1040,833
614,877
1808,2482
1779,1312
17,491
619,2223
1390,1481
93,371
1490,1729
528,1124
2310,2103
491,115
2373,1521
1239,2110
982,499
1512,2100
456,589
197,346
592,2247
433,1233
1421,583
1508,1696
2179,2285
814,2039
1731,1348
1861,2004
2008,876
169,1204
666,957
1015,2089
895,1344
538,1631
2360,1359
2369,1462
95,1989
1459,1868
1506,966
943,1839
1244,298
775,1784
324,751
463,691
430,181
1711,2366
970,3
332,311
1119,1143
1196,1657
1407,1331
894,1749
1103,374
560,1965
344,2274
2300,366
2227,692
1341,2339
2140,1049
1058,659
336,1993
1496,1928
1965,1034
1739,696
182,2401
2273,1560
1054,2232
1174,174
369,2430
2369,1833
2446,2201
565,152
856,1682
1900,1474
2262,1318
490,2293
1772,949
1817,1305
2464,1705
680,995
1095,1325
480,1082
573,580
536,1480
585,1257
1553,844
622,720
2129,1590
1636,343
837,751
1129,1721
1562,595
1255,1943
691,2077
735,2184
229,1020
166,1575
2273,672
2369,2417
254,2360
2163,361
710,622
2041,1527
1343,212
2423,1149
1540,1186
579,1706
1187,1728
1955,2043
2423,1157
2465,156
1393,166
555,1939
604,1560
2118,2439
1871,45
0,399
2345,860
1575,951
1946,602
2140,1250
1980,1592
1704,538
482,1149
593,1429
1479,714
2057,604
1853,657
1765,1409
2334,700
505,1057
2468,2485
418,1251
1226,2077
1343,1271
1540,385
1686,1667
562,2191
1440,1831
2285,250
983,1950
1405,1610
1267,2472
2136,114
1424,2190
411,858
913,1267
157,680
2357,37
653,1912
1163,45
144,645
743,1649
1343,239
1772,2412
1765,210
630,959
1319,1583
1196,1527
14,721
1688,81
1666,988
850,871
698,446
820,44
365,1764
257,2041
355,482
1326,972
183,1540
1854,2098
1104,432
1780,1495
1034,1615
2250,1950
20,2164
233,229
2443,2277
1519,1648
2223,2232
76,962
1479,2421
603,1623
1161,225
1575,2447
1643,394
778,2200
40,665
244,1073
1839,1898
2293,2076
1552,2454
2131,445
2082,1214
1465,1317
773,1854
1706,1928
1846,1396
2078,2262
1163,1926
1433,144
652,1354
1067,1183
1718,451
1384,1936
1774,1949
0,2444
764,2037
1803,2176
2025,59
772,820
886,327
1318,404
1643,1787
606,1481
1147,2375
2079,1123
947,1191
172,257
1180,1573
681,1326
2373,1495
275,917
1592,1127
1756,1403
1254,396
749,239
222,2085
941,1858
90,1654
2451,1372
70,1540
1319,1191
698,2501
2330,1145
155,667
1159,433
1801,999
935,2116
1994,1808
192,2059
2314,267
1715,1612
478,1027
1179,2029
1044,1571
67,279
448,1640
1425,30
2384,2170
1992,2416
56,2193
245,1918
1704,1410
153,1627
1229,2482
286,1109
211,2293
314,1496
2233,310
1080,594
1320,1228
573,99
1104,2501
329,190
1752,2270
1398,63
939,355
979,1160
2456,86
2404,1893
1230,2231
1513,1846
1891,1420
258,1143
960,834
1063,160
83,2429
2190,676
933,935
2019,1126
1605,1864
1862,1299
428,1475
1992,763
391,1175
0,487
2075,1526
1375,700
1623,1818
2014,2217
1122,2476
1248,1501
763,595
2238,1788
1179,941
561,1758
2139,924
640,758
1625,2361
2425,2390
1739,866
1681,2448
2208,368
2126,730
1485,1092
973,1115
778,1532
1642,996
916,2093
0,1979
1600,469
1337,2434
570,1962
1930,969
748,1239
628,910
866,2428
2456,2099
211,355
415,701
145,1615
305,1114
2251,135
494,835
1620,342
0,284
82,656
1495,69
693,294
967,717
917,358
729,304
1917,591
1622,2229
757,318
1636,2482
2244,1597
2043,841
1068,755
415,2036
100,2096
1966,943
970,607
673,854
1928,2501
1411,1972
342,481
2294,347
154,1543
548,1541
311,1990
2160,919
1568,2115
1096,775
732,2468
1363,73
2401,367
393,1286
992,1109
1919,2253
2310,2164
731,1933
2452,1406
2060,2272
2199,1167
1438,2353
2263,2377
1189,2225
1674,1547
783,1766
1596,1279
898,1874
2371,2453
488,2288
2293,202
694,221
732,1300
1461,683
74,1855
2409,539
1040,729
816,1473
602,1520
1287,2368
2449,831
784,2233
0,1642
2386,25
1432,5
80,557
650,2386
278,1646
2113,1020
677,929
877,1004
1737,707
862,1096
813,394
1728,1989
600,1191
2264,508
549,139
562,1022
1602,584
2353,742
891,1420
1095,1003
2137,2146
1034,223
732,2428
1937,1061
620,734
1754,2044
1046,1625
1697,1428
1497,1744
2272,1111
1492,2057
1401,192
207,2185
1136,2152
2000,1842
1566,1881
1283,596
1561,584
1639,1186
67,511
719,2048
1868,2079
1802,1930
628,2159
841,342
2177,1575
1105,600
706,143
10,955
2170,766
2142,1161
662,935
1911,1634
1688,1439
1512,1564
182,526
259,2068
1956,99
1791,184
192,1185
2266,146
1115,1339
2438,227
2111,2183
105,1946
1122,1908
1321,1763
1383,54
2264,2199
1073,1000
365,1312
1764,2453
2454,1966
1793,836
282,740
1113,2099
2109,1431
839,319
2234,322
2368,766
868,2070
1378,380
942,1154
1763,2420
1834,928
1714,2240
187,222
859,2368
2324,455
35,1638
1374,1940
45,61
2049,2401
1058,2137
358,1419
987,348
2357,2242
2373,633
1814,2501
656,680
2042,1483
2411,463
1538,2027
2183,1271
1555,125
339,334
1596,2473
1792,884
699,2028
666,2076
1884,348
1768,280
84,570
2071,683
1150,2002
1142,2453
2051,1031
1405,801
565,341
1623,1563
1460,2291
1447,1601
1719,648
609,2501
428,474
1772,659
2082,968
2157,1562
2156,767
1955,814
1690,2435
288,1734
0,1563
913,430
2287,737
182,2436
285,1904
42,1752
2115,1753
70,2032
1344,1078
1901,1431
561,136
1424,1391
1740,1328
1134,2464
919,518
577,77
2357,506
1816,1206
1811,826
577,2355
136,2316
1863,1838
285,129
952,2336
2428,912
1796,65
1017,1668
690,139
573,1671
1801,2398
2391,1359
203,885
1421,746
349,1366
2349,2052
1981,1857
2005,1842
758,745
2230,677
1350,1085
2176,1122
1598,499
1784,1547
1867,101
478,72
2287,171
798,1517
1219,802
1693,1978
2037,2109
14,486
513,1252
88,1526
3,1630
920,787
1771,1272
1178,1299
464,2338
1167,642
347,976
2219,1966
591,1201
672,703
1303,1390
1181,303
1478,286
396,307
1229,1314
358,1102
1511,2333
1976,1090
1770,1776
1233,1003
840,1211
2274,2466
2174,2061
359,1904
1971,1585
492,1947
281,2031
1259,1112
1994,2048
1634,929
1874,232
610,1543
2393,843
1312,692
2394,1270
851,615
610,1717
1360,1254
5,468
1703,2072
960,2313
1226,403
2197,2160
1467,1324
2034,2265
2173,2233
2413,818
844,772
713,1794
1110,2340
1122,1938
1617,2415
1876,333
265,2213
0,2239
2281,765
1464,1171
1553,15
103,2346
2054,2447
1832,893
1170,1203
2487,934
1415,1970
198,1712
1799,1595
1951,1355
371,629
1254,471
33,1061
2263,2333
193,217
1557,932
1801,1124
1738,1639
411,770
1375,2202
1893,896
1593,1215
1839,1069
122,466
208,2172
215,1205
2350,1164
2221,103
689,564
2232,2130
448,2501
924,1874
2435,547
2174,1430
2184,1046
1108,1841
1612,315
799,887
1387,1186
548,263
687,459
2421,2069
1739,1653
1652,1887
1328,1517
1943,2308
972,98
1515,1145
1813,906
877,30
1142,509
2161,2245
875,2206
864,2458
1925,1658
1356,1905
711,140
393,831
228,559
702,617
1459,2003
718,369
1026,661
1406,2049
1417,5
1977,1781
1246,2132
823,1192
1627,2107
118,438
1266,1827
885,1542
523,894
1709,733
236,2340
515,384
20,1266
502,42
1974,1627
399,988
0,13
1841,884
623,250
1356,289
1776,1676
1279,1993
1097,178
920,1220
7,1290
249,1939
631,1386
2047,1851
553,2036
847,702
1213,1563
212,2497
1101,2501
2185,1456
641,2302
503,1147
2003,381
2075,2160
685,157
2394,98
768,1032
1693,587
2422,2285
1739,1317
2443,276
2311,1025
1914,291
196,872
1832,2185
746,427
1944,1707
1220,457
1089,1499
1871,1140
254,1537
1803,2133
762,1317
1096,1058
2223,1496
1859,927
1754,2305
1618,2300
2440,2192
1849,1441
1222,323
783,2142
2091,1551
2250,951
761,2485
55,1951
1709,162
2235,1666
1467,685
1917,58
1946,1828
1650,1873
1926,2032
247,1274
2031,2482
1603,640
1752,2388
129,809
461,1381
487,92
686,1878
78,2088
2295,287
520,56
1857,127
1519,1579
1431,869
2374,233
2260,22
1635,846
1642,665
2144,824
1453,399
885,1887
2450,2103
0,1252
1765,717
200,855
1075,915
1220,831
2162,2187
1755,2302
1157,243
661,350
1505,2101
460,2066
1014,1319
13,1629
2465,1273
2117,726
644,1436
879,2079
628,1391
1827,1800
2253,755
523,2442
14,694
350,1553
2227,2105
1225,2501
167,879
907,256
1415,2355
1745,1962
1769,2341
2093,915
1204,1249
153,376
2408,2287
828,2369
759,828
976,1094
2163,1223
1833,1431
1424,2384
1017,1700
1907,1993
879,116
236,1633
169,1931
1201,1512
2383,410
1051,434
614,1337
649,1789
561,825
750,2258
1145,1886
923,1609
877,1383
1746,1698
478,66
2245,1716
1268,2042
810,1781
721,2460
342,2303
1944,611
367,2248
1493,1962
1617,1481
2196,983
2416,1102
119,1255
1613,1166
1496,126
1482,1739
1766,673
1553,2325
266,874
921,2281
1780,605
1182,2421
772,2225
1804,579
2178,2501
2103,2343
2243,1314
2482,643
1432,2226
994,1052
1597,1337
1645,146
354,975
1301,2284
931,1015
1965,1625
2156,1718
239,1026
2334,2446
981,2092
1098,2420
2419,2110
1126,1161
1973,2456
2066,1797
700,1984
1008,1407
1107,509
1197,2415
1123,1525
2024,1867
29,1772
2020,1433
783,704
1160,1301
986,2314
1314,424
1749,477
766,329
1456,1301
1370,2423
556,925
348,1107
583,2260
1724,1914
2149,258
128,416
1218,933
1612,1524
1457,2215
342,447
895,2096
71,2318
373,2241
1259,1388
2197,219
2085,1646
553,1674
1302,2160
132,556
1891,1661
0,1835
1644,664
2345,1137
2018,1528
701,2172
2076,1261
1792,375
217,1104
299,1156
1384,656
243,1121
1256,1487
1421,2269
399,1330
2294,382
1875,910
2360,2230
971,8
1363,1819
608,27
1631,1868
860,1943
526,246
1265,1957
2346,1210
1335,2153
633,1355
1724,583
538,2259
1261,505
40,2175
62,1061
1560,1469
2203,2351
1218,2372
1248,1873
1876,985
1247,2128
1400,1660
180,1927
1529,1439
1245,1507
2171,541
1163,427
137,1838
1488,2215
868,447
1831,269
1784,586
1010,1617
608,2268
431,1137
751,1831
994,185
1722,1927
209,2286
566,1895
1088,110
1972,1176
1542,552
2280,1860
102,846
430,369
1098,214
653,2446
545,1749
1228,430
1100,290
2299,556
2170,2179
505,1800
1545,2068
83,774
1809,2456
1877,584
2236,493
1321,522
2250,1851
2376,456
206,2439
2283,1934
703,390
621,516
2086,2051
429,1997
1207,18
980,1003
641,1952
569,787
266,851
1775,1976
376,911
32,2056
2063,114
669,1061
297,1429
975,813
1389,2367
1604,1197
353,1372
2479,377
1246,1160
1921,247
283,400
1628,1592
790,1350
453,1084
1393,799
21,495
1952,1726
1170,1579
1429,2448
621,1200
1772,137
640,2145
2273,1260
1939,1635
1848,1672
250,1148
714,605
564,222
1178,1154
2329,253
1812,1916
1535,1533
2161,901
437,739
2122,1239
845,1855
2120,1182
599,1376
1933,583
113,1067
317,1843
364,1266
747,1235
435,2155
1502,2501
1991,1258
927,1685
2073,923
1335,247
2222,62
1955,924
1573,1444
2325,483
27,1769
1242,1870
831,136
2379,1581
97,1186
1837,1229
380,2184
309,2390
2442,774
2044,2079
1238,1049
2223,2291
2147,834
1677,1312
173,59
1768,1615
1789,1663
453,1611
831,439
1111,2430
2381,351
1990,1563
1050,400
2369,2163
1591,778
816,961
2190,1311
2379,314
533,740
1946,2252
2280,896
1427,4
473,1795
841,1677
2117,1999
1945,1493
869,1657
1707,798
800,122
420,121
19,116
2280,2373
1178,1791
2158,5
2490,1709
2062,2069
1613,2263
827,2501
2133,994
906,900
417,2244
970,1286
2292,467
1839,1870
1400,2201
399,739
2458,683
1676,744
1644,1948
2390,2055
1175,1646
1258,2275
281,285
2015,2102
1300,1364
302,441
870,759
1816,2366
1735,2372
117,187
1086,690
1175,653
148,591
797,1633
2300,1332
1948,2438
2184,2388
0,5
1267,1706
2127,1314
821,613
1258,1849
1725,1706
891,1637
173,885
1223,1491
2251,209
27,1994
1918,118
1371,972
1123,415
1492,2024
1172,1894
764,1146
1658,1827
1506,1612
1997,424
391,288
741,1967
173,100
617,1358
1869,996
2351,729
797,305
820,361
1661,612
2417,1669
1900,1384
1520,305
1402,1126
1008,1346
464,2205
1416,2399
2465,2188
2314,668
2285,167
1329,1545
218,2461
335,517
1887,301
226,940
752,136
900,2046
1346,1188
1910,2370
903,2484
1324,697
2263,1556
215,1692
1444,71
103,627
1306,1386
1165,1227
2092,278
942,999
492,429
2094,1811
1795,20
1131,600
1046,1025
971,306
393,1137
414,22
384,2012
1255,599
827,379
2286,1551
2209,2360
1253,1766
455,1146
1276,656
355,1864
1282,61
336,1147
1709,1190
1955,528
548,910
1782,2121
898,2263
1188,1443
1919,719
2253,2257
741,2377
494,1092
145,1328
350,921
1955,1437
2302,1870
1078,394
2279,1722
768,1849
920,868
2222,1976
1990,1456
950,1874
2265,1982
2393,1349
1235,204
1011,742
1725,2501
2317,2065
1358,1187
70,985
2493,2329
811,1944
2377,994
1282,720
1721,1847
482,2221
1561,1562
2206,1390
849,375
2092,327
1046,2501
1360,603
2457,2501
2257,2090
2062,618
1863,2211
2122,1305
2227,1487
2129,191
1683,1832
1147,1502
1192,1419
1287,1400
2145,379
1427,1733
707,1047
667,1538
1684,62
174,2327
19,2434
2075,1116
2387,548
2299,1419
1554,1327
2415,2137
1533,1781
130,2141
1948,812
2425,618
364,1632
1567,990
2479,2232
1430,27
908,2501
367,530
1887,1161
439,756
2113,1604
2399,1297
2389,1072
2264,664
1578,287
199,311
1047,1755
1824,1784
1052,532
1424,323
2257,2116
2306,2438
1974,645
495,1863
1007,911
834,486
601,388
1138,126
2260,2316
42,1192
234,1583
955,1996
1653,2245
92,1339
382,1539
1320,310
831,2225
2334,2341
2219,860
195,137
2322,2007
112,1463
2440,1511
183,876
871,446
1704,2465
841,2424
1572,813
198,168
1873,1515
1802,1693
1918,2220
1050,1437
240,1825
1626,612
854,711
955,941
2006,463
1357,1725
2375,1383
602,364
1394,1360
599,2156
1273,1932
373,417
1098,1865
2032,121
855,1368
1397,1802
628,1789
470,1028
687,1967
843,2499
1676,1163
1592,1936
165,1452
1895,1900
814,1929
1401,2249
55,1535
654,1561
1417,2281
398,773
161,237
503,2428
1672,2255
11,2
2421,438
345,1701
1826,327
2474,561
1511,2039
900,1904
198,1978
2362,541
2315,936
1733,1191
1087,929
2475,133
269,1162
1342,25
1980,1030
915,1448
1207,1065
1808,1915
2085,2466
1034,372
2192,963
1101,1507
1193,539
1829,1103
1946,716
176,1583
1203,468
1469,2021
1608,1143
427,2220
96,1341
1298,1461
383,688
2391,1998
1820,1401
2214,1059
2212,1560
798,604
987,628
1872,494
2387,2120
2476,2501
740,1211
2479,1974
1221,2048
1260,63
1595,248
1328,1942
1304,1599
971,754
962,2267
649,1971
1333,1543
212,2085
2473,1512
532,1902
760,98
2355,67
1212,1520
2173,2357
632,2472
1584,2501
201,969
207,941
1274,1918
1962,62
608,2397
67,791
1572,2068
1646,760
1562,1814
2392,2091
810,2192
459,1816
1512,170
658,771
1842,2501
268,2492
208,1655
393,1182
107,1103
1472,337
648,1848
1285,662
1820,1954
6,712
597,2394
1407,771
2304,1714
2177,2287
479,936
1244,1281
1829,1156
1579,1278
579,1960
730,2176
1533,1388
2155,335
2134,576
875,1212
523,1266
2265,2004
586,835
1787,988
490,1191
2136,1421
223,2018
1738,825
600,289
291,1167
483,1188
392,1746
181,1428
1828,2501
518,1471
2017,1438
283,2000
2215,595
1052,370
1821,1407
286,292
2092,168
271,1200
1543,524
1385,747
80,1463
2032,2014
1717,393
869,1557
1517,238
687,2297
1280,1629
2200,819
751,561
851,258
1407,2501
661,190
2164,2117
1479,2169
1366,287
2064,1021
1827,100
703,630
2489,1802
569,1043
1527,1935
494,472
232,1973
833,259
2141,2501
1917,403
2298,2475
777,1221
393,954
91,606
485,1524
147,1793
1714,2354
1432,81
1340,2109
2228,447
1140,1543
249,186
1792,941
2467,2360
190,392
292,1159
2436,214
1692,1712
2163,2501
1075,72
1906,1757
1438,567
691,1614
415,1320
999,2163
1443,1543
263,319
2230,1184
1860,897
2439,1158
507,1573
1787,411
1623,1666
1857,2408
403,1606
442,954
722,605
779,1527
677,2383
1430,2279
2115,754
1067,179
1442,625
358,1608
321,1512
658,2134
981,1039
841,1195
322,2043
2204,2088
746,2219
72,2222
1397,1970
1974,1052
2222,789
1877,1318
423,2359
1797,908
1375,301
1309,1959
1618,2208
2102,592
466,390
1680,1216
987,940
1273,2385
1057,1814
115,2387
1207,2029
2304,309
1176,1024
1170,1204
2341,238
1897,1474
2303,2047
1647,939
309,2310
990,2373
1149,2181
1641,307
1289,768
981,978
2315,1615
690,681
1209,1431
75,2202
507,1158
542,2476
63,2498
861,1254
2106,1688
25,920
2493,2040
815,2501
260,2501
1515,1026
1594,268
1155,1040
263,1508
627,1517
2027,1430
686,779
1261,555
1821,2141
1475,1804
2128,517
1718,775
1228,134
1594,17
1505,266
761,136
1059,1023
1141,26
1659,1788
711,2479
2242,2139
340,1858
138,1451
667,2093
1191,1518
2389,139
2337,1686
1144,1496
396,405
2098,1778
2267,1508
758,1573
1415,1128
1544,1216
2193,2255
688,240
1856,1906
1238,1274
1623,853
2443,534
2256,1043
1490,1115
1949,762
1477,1443
2144,1846
77,626
884,1022
2327,1227
95,916
1997,398
2212,1350
2273,2353
195,2291
1056,1437
1787,1048
1030,448
281,2473
923,2309
691,1782
2157,1650
53,390
1525,2191
2173,1142
1836,906
595,2213
161,533
1611,393
1700,2074
1355,873
448,502
1219,348
2301,972
2085,1271
2152,13
2061,743
2345,179
1779,367
1666,766
1443,1691
831,1188
992,1124
2089,2022
1625,1780
1982,888
36,52
567,2213
1352,439
502,2487
2472,1040
856,2452
2077,887
2136,300
151,2070
410,1268
1418,1140
2285,725
69,1192
1751,1460
1876,2305
2105,2107
96,356
2004,607
1609,479
2007,2262
705,2142
2148,1609
1994,1024
228,22
590,83
1102,177
2241,901
2288,1238
508,1276
1509,2359
627,1633
866,231
1511,2437
1082,158
650,609
2122,1235
238,1016
1367,2078
1663,2486
1167,1332
1929,2141
1432,997
497,1474
151,1062
2393,1960
2193,2459
1016,711
1596,2298
2488,901
1298,2109
1753,2190
2407,2256
1399,845
1070,1909
1799,1268
1907,96
2072,2093
574,1786
967,1888
1683,421
1515,2058
513,1623
2342,2149
2070,563
1682,1806
38,1768
326,403
1396,647
2128,1021
999,495
1438,318
2458,289
1079,2101
1922,1608
170,334
1033,1205
2269,2346
1096,271
674,1361
1823,73
0,2366
225,2099
2061,1359
1794,568
2041,1804
573,820
2268,1295
269,1197
1425,2305
1033,396
227,1018
1925,650
2197,2428
1349,1504
776,1358
667,2448
1240,726
2432,704
2314,1237
241,90
270,1325
2378,133
448,729
2021,379
132,1426
60,1189
2224,858
1350,354
1314,1195
2145,553
95,1712
733,824
0,1708
884,352
2020,2227
1663,1175
1396,327
2401,2081
1848,1026
2491,2297
921,93
953,592
1823,851
265,827
1888,301
363,670
2457,1024
2056,226
1460,2289
769,181
288,2429
22,1956
1131,1780
2073,2169
1244,233
2079,557
2354,609
488,1869
2462,2431
0,2143
265,1811
80,1705
1831,1602
1207,270
1477,53
176,531
1400,1413
704,103
2040,2107
964,1974
1964,815
103,1078
1261,1681
108,705
432,864
2456,859
440,2459
0,1066
1509,1435
1465,2032
2130,336
1861,868
1663,452
1837,319
707,1634
2370,1036
2397,2497
2235,1211
1378,2016
911,82
2298,322
1297,1497
911,399
1389,1364
850,429
952,1324
1786,432
1875,2463
642,2326
1364,902
1807,1328
2414,1426
678,1555
1549,1695
836,2073
1068,2381
1218,601
1328,1741
389,590
2208,2123
1985,1101
1979,2124
1139,1631
787,1504
249,1966
1547,1478
202,802
107,1938
806,2025
1453,1764
2476,1633
859,1344
2321,681
158,2319
1650,642
1680,598
2310,364
80,2248
1531,1569
190,2037
297,2058
1662,799
922,1016
623,1039
1250,1259
2167,15
157,733
1685,1728
1097,1525
1034,146
1650,600
1118,1559
687,611
0,924
2439,897
1609,1351
1885,1919
1879,842
511,53
745,2464
229,208
1377,878
953,2060
96,1312
1328,839
1717,2148
2137,1121
1124,350
356,1227
2370,1073
1658,1355
1935,2077
122,1740
346,1145
2220,705
321,1468
1087,707
53,2485
473,912
124,2358
1097,700
66,1703
327,2454
2446,1674
1157,2444
1990,2208
1879,1671
965,614
1945,565
1267,1673
167,762
1796,2463
1945,2238
1316,651
780,1949
2069,140
571,1789
1657,1238
613,1758
171,124
577,1562
87,423
1926,1902
468,2013
137,1327
2031,570
1272,1595
350,87
570,2285
939,1287
2212,1599
2426,1266
1502,2219
281,644
409,1607
1155,730
218,2216
1036,2284
1424,2319
455,625
1789,996
272,1009
1189,2190
207,2163
1042,2
1944,163
2231,2289
734,1951
448,1982
168,2266
2255,979
695,1187
1376,1686
1088,2290
1524,922
552,2356
290,1294
1474,1881
2070,336
662,182
796,196
1186,762
2357,1679
259,1506
612,2452
703,2313
281,1309
1143,1567
1072,251
713,645
1187,512
1133,1
1880,237
773,753
768,1354
2418,414
1758,2215
857,1208
137,2317
1520,953
1239,1884
2241,2125
2463,844
2432,1617
361,2281
2438,1825
2199,1262
1261,717
674,1029
1192,2036
1872,1435
2156,1389
499,63
1590,2143
2283,2168
419,1822
2156,2275
192,1328
661,1190
1525,33
451,609
603,1076
1017,2001
456,1503
905,1225
1540,1509
1837,1258
111,517
2183,582
706,1016
389,918
563,843
813,340
2280,1062
1119,744
1198,750
2358,2001
2139,949
1475,543
1550,311
324,1938
409,1473
2065,62
1840,1764
2459,2441
1567,938
2147,415
1288,205
1811,2199
2470,358
1931,1656
2225,2281
1844,1576
1051,2113
2038,1983
2307,1864
170,598
2446,2314
619,2407
585,223
2115,81
1730,2134
1610,2501
2345,69
1112,92
1612,657
2418,2306
2109,1380
1048,1437
88,1407
770,502
1387,391
661,1759
2263,1734
1147,237
994,912
237,723
74,858
1121,1545
198,546
2281,1025
318,1315
2470,375
745,1285
185,832
312,1683
797,1209
1489,430
1954,1645
1045,1717
1828,521
452,747
720,453
1850,1752
1159,1894
1932,493
252,209
932,762
706,525
817,2486
412,338
1256,1336
250,2456
57,2012
1190,342
2391,1436
1832,1727
2303,602
1467,1218
216,1283
574,709
1206,2501
461,1915
1405,2021
617,1071
1486,553
1715,326
2258,2454
2125,813
1474,1285
1188,743
1653,2008
1208,1072
1014,1781
0,1443
1832,1598
1395,1046
1479,790
509,1729
516,2493
1381,423
813,834
825,709
734,685
175,1487
1604,1679
2132,2204
1076,839
1282,2216
2092,1807
493,1893
1014,203
2305,936
1403,1604
2455,2085
184,595
1955,1711
430,976
1030,2457
2256,789
764,218
77,242
899,2245
1392,761
101,1950
807,840
241,2357
2327,1285
317,13
1545,1204
1846,1930
2003,623
2071,1948
212,1357
1205,870
1459,2114
1920,12
1276,1104
1034,469
356,2271
1020,848
580,998
1601,2434
597,684
2110,282
1961,1217
1718,1824
2337,1663
439,324
1180,10
549,185
1478,221
882,2320
2201,19
10,1947
1695,10
305,969
892,1562
1465,1507
465,1867
2048,2226
0,1048
1465,1411
991,1603
603,2299
175,1229
982,1377
74,2238
1202,2148
980,803
1604,2038
957,493
328,750
732,2100
500,1852
2137,1172
971,2246
423,1454
1202,1225
273,1284
2105,2447
1102,1008
1448,10
440,52
1805,154
819,2416
40,496
1510,2476
1460,745
178,1595
944,1876
950,1667
442,1155
793,261
359,1114
85,1291
1365,1131
2461,113
869,776
2035,1940
497,1466
2293,850
1097,1353
1493,2445
316,2269
712,1733
959,786
548,859
540,1684
250,1558
1767,765
801,2024
1807,939
718,305
1399,2094
2459,1063
1278,1659
1773,764
1589,1643
792,598
1512,2372
2243,637
1005,893
162,2501
2040,254
2287,8
533,1723
0,2048
1635,1650
378,1762
1652,162
1283,336
1759,1850
942,1218
1052,1633
2326,2151
22,81
1677,1967
2162,2164
1352,1810
2144,119
1418,1873
862,593
1542,1192
1882,718
1170,655
2448,151
2409,475
2023,1663
690,387
402,1277
617,804
541,596
1583,1922
1643,2356
1253,1582
1161,1218
1885,2044
307,551
573,1174
1291,517
1057,146
1878,2021
195,421
786,1026
1601,1816
685,1884
1482,855
2284,2144
1902,540
77,1255
1519,127
1125,1221
954,1699
1379,195
1519,2489
1864,1904
1943,1950
2061,2099
2493,2212
973,1584
1735,382
1643,341
1254,933
1571,560
568,1402
2393,1137
1838,2390
1616,455
1044,2016
1643,1380
1337,1210
2336,2400
1820,2356
499,357
290,1698
1940,1592
1218,2433
1618,2238
762,1246
984,2071
656,1492
669,632
1443,635
1191,2130
2155,2098
524,2224
182,1782
885,1099
2181,1777
963,1627
2500,830
1507,1423
497,1189
2161,519
479,647
915,1143
1213,2338
398,613
978,291
2030,1809
1224,1703
1295,62
227,2177
601,2286
564,1407
2179,2352
106,958
1730,2262
2473,1641
2143,2211
2119,1472
1102,323
256,867
661,1987
1735,1342
2001,1095
817,2064
2480,219
2448,2345
2368,301
1064,1042
977,340
471,1428
1284,2332
1780,1320
2318,1848
1212,2215
1765,1492
758,462
32,1570
1536,1012
1501,1264
1018,521
372,1884
1734,130
1795,531
2318,2207
1963,2275
1856,1827
307,673
1081,108
131,1664
2464,654
2159,837
2411,2220
2305,2175
1467,2183
1582,1200
934,1886
2219,568
341,117
2408,1701
2296,1560
2327,2325
1779,2013
1038,63
2260,1244
1937,2471
1457,502
1079,934
155,982
1784,351
1549,780
2190,219
66,367
2289,1133
2478,1701
2055,2484
1340,1271
891,1886
1922,1601
2479,651
2233,136
2338,1335
2372,1180
1475,41
1313,1222
1440,1154
371,1023
2054,66
1794,1024
517,1747
1245,2039
602,1701
90,2401
642,1188
1126,445
1161,1771
2110,230
1327,1906
778,1708
957,446
2395,2
1796,761
417,1388
1554,1666
2389,745
942,908
80,467
2428,1960
1774,1726
110,922
1377,478
185,1468
2024,1274
101,1172
1791,1214
396,1319
639,560
1612,964
2171,2501
1768,187
61,1972
2128,452
1389,1319
1418,299
695,1033
1566,1050
511,819
26,1204
1331,1123
1260,1892
1430,1468
175,2344
952,893
141,77
209,1571
389,2501
429,1393
996,2361
1411,2036
1585,1818
821,1187
580,1754
1219,1847
1259,2213
786,157
858,537
800,2328
2492,2000
2039,1488
2116,2147
1040,2259
2187,2501
555,2061
1740,85
1459,1383
654,1268
1779,1333
168,887
2235,1515
1213,2426
2210,493
1684,347
2225,1814
1807,1078
495,1156
1012,2026
0,2172
493,667
1093,2179
2056,338
438,1879
0,918
670,1746
1072,718
408,1833
1141,832
2013,529
1006,1744
507,227
1167,2019
1986,417
913,879
400,999
18,442
701,1583
1261,1531
2056,2413
975,60
472,1862
570,898
405,2082
677,1335
492,1421
173,1782
440,485
1966,1732
1454,412
2363,1587
1937,32
340,642
1747,525
1570,1149
1041,1072
681,882
930,1891
1381,567
2420,1647
1998,845
815,694
2390,1341
596,1524
931,380
594,1113
1559,1178
407,1475
533,1452
90,1917
1606,1576
1711,2453
2125,2347
943,1621
226,1559
1470,992
680,2385
2054,1450
1325,1979
571,2035
589,510
2325,1846
1898,1954
1490,784
1929,548
1876,1858
278,522
2042,845
1760,2351
2037,1702
467,1085
1283,2428
40,1132
1571,44
818,763
2220,388
2021,2456
602,764
2341,2431
1905,2299
2149,676
1844,78
2478,1447
1923,2118
1459,2501
1671,888
1568,1638
1725,967
1259,373
1955,1154
1406,1743
2464,2403
5,2108
1257,2305
1328,1301
2344,2305
1136,973
945,466
1034,1637
195,1420
2210,539
965,928
1245,1847
467,173
573,1411
2444,932
2330,35
5,217
1215,1220
2431,51
1402,1966
1798,2501
979,2147
929,1127
395,1317
1083,1595
447,1662
1848,1400
329,1362
2382,1300
1428,271
2138,1631
1536,1322
2031,1675
1218,884
690,1930
503,1575
1680,1524
1322,1337
1449,1871
2386,669
0,2356
2295,57
2021,1713
1155,831
663,817
1939,903
952,2480
1027,591
1150,1002
898,2298
1333,2397
2352,1087
1893,1547
1304,1139
219,1842
1045,1280
1166,1053
928,901
50,953
66,1603
2318,1275
1742,1662
1405,2061
2447,742
536,2056
676,734
174,365
210,330
119,371
2175,433
1910,661
326,1066
1531,1806
1187,6
1661,2079
1754,1036
2011,2044
769,2348
2123,1098
962,307
903,1263
1413,753
1846,2135
1821,2309
2486,1466
1499,769
687,944
2273,1045
904,1172
2340,1966
2295,1894
1440,2464
2109,767
1369,2022
344,2071
2343,250
1524,911
437,1052
1113,2113
1874,741
2256,1379
223,2054
2459,237
1530,1340
2450,1334
2326,2009
227,1912
2389,1134
1708,1277
1546,2069
1067,129
1810,1374
2052,582
1500,1258
339,1330
9,1691
2467,2300
1322,1791
1998,1954
1445,171
609,1223
2134,990
1440,1652
1026,1715
2468,1647
1675,2066
1147,2007
2207,2481
1297,1426
2169,345
1687,518
1456,2104
1295,112
2443,2101
1218,1555
1823,874
1662,1756
286,555
2111,837
2140,210
1374,920
863,300
891,140
173,1322
878,1660
1125,437
221,2109
155,1880
231,740
934,2135
230,953
739,130
1971,2165
653,45
2310,773
0,328
887,1112
15,1458
81,815
2289,946
653,43
2065,1166
699,1391
0,2097
169,740
419,2345
308,1269
1251,1869
1168,1318
802,1302
2052,1332
2490,808
2223,1405
1872,292
1238,1893
2330,635
1261,1326
554,1198
1216,1064
2022,1923
630,227
304,629
2260,1368
1731,2438
652,1924
57,1644
2289,1372
1338,2312
591,2048
2500,2047
422,657
2459,152
1352,2151
516,161
49,2501
2137,1607
1340,564
1220,1684
1322,1443
1332,1606
431,1175
425,175
1852,759
724,967
773,288
1503,1231
2034,272
2001,535
11,2432
1264,1255
679,2366
237,1106
429,143
547,1391
1695,2042
2494,2298
1812,1666
991,1408
303,1767
505,2375
1219,1470
1719,249
1348,96
1590,742
627,1202
2298,2366
2244,1484
130,601
1071,2475
1673,1496
102,2242
422,1378
1323,796
1065,2011
690,481
1411,189
1358,248
1870,1314
109,472
1145,1153
107,164
1151,2282
2061,1710
392,1137
665,253
2072,1532
876,1764
373,205
916,475
686,925
2400,2040
0,141
632,1922
1813,9
1471,937
1257,2334
990,929
491,1890
2046,958
1185,71
1131,1818
1003,2258
887,179
1955,1777
1880,1279
2368,1344
1349,1359
2241,627
128,1088
870,1578
220,936
2082,594
348,2374
167,1671
1541,1034
1428,829
2244,490
193,1522
971,1607
159,2213
1391,1734
1210,459
726,1882
1908,2001
1955,1277
574,790
2437,781
849,1266
436,594
1223,859
2026,1142
1961,271
25,1832
452,1466
1913,2266
2247,297
497,2435
906,2387
1031,581
1098,1634
852,2432
51,2045
2036,760
1535,2076
919,1383
601,2238
1785,1275
822,521
723,2428
2091,562
356,2233
310,1235
404,773
1411,907
536,701
2470,151
196,2331
2381,849
1273,2305
662,729
711,678
454,2189
1798,661
1948,971
2255,131
1129,1347
247,515
1215,2003
1889,1846
107,2412
620,2329
1644,2060
1844,2048
1629,1314
1559,25
888,1890
1374,639
412,1235
255,465
46,572
830,390
421,1042
114,1418
336,1404
1950,611
1296,1408
2478,127
1789,2374
1557,1532
1151,1605
1178,589
178,1997
2453,366
1616,2103
883,1603
1289,786
1670,1143
1026,1885
1677,614
990,1672
1144,2063
1686,1997
2322,761
1221,1582
624,1637
13,1186
1327,1590
1819,1704
798,940
203,774
2499,2102
1529,40
1539,621
2393,2412
1704,1888
1849,1501
1079,2385
1895,1819
1374,1846
177,1734
1390,1115
1290,1887
1730,720
794,1235
867,191
928,749
1663,488
917,59
1609,255
658,651
298,675
1342,2409
2425,1080
2175,2404
1644,1113
998,1541
483,533
171,1541
0,645
2144,451
1526,981
1715,1376
931,1751
62,314
2145,159
29,294
121,1488
1435,2239
1664,1916
698,1076
1451,1121
126,1039
917,1446
2203,1996
1236,1825
1035,847
2040,217
1760,1155
1944,1757
763,230
2438,201
1029,404
2373,2219
820,1244
184,1170
1244,1759
840,1722
1014,2207
1425,1699
2113,1437
1827,1705
1220,2082
2103,1197
144,1846
428,1312
1669,1961
2493,2487
2253,133
2469,786
522,549
1950,5
92,741
1676,324
1404,837
53,2100
1277,1216
1023,1296
62,1622
1368,1726
55,880
494,1268
2416,1901
2430,728
1501,1354
2021,1952
2317,2189
1141,1454
1891,1888
2049,1103
252,825
2200,99
985,2161
0,1292
382,590
922,1314
2435,1479
618,1292
1732,401
936,2270
1679,1254
78,876
1653,1951
1222,213
2313,2160
1996,2485
1525,1860
1664,182
615,739
989,15
1180,601
15,702
2371,563
1110,1834
1176,380
298,1227
929,1763
1626,1621
1377,781
915,218
1483,210
385,475
2293,1198
640,1512
2468,1040
550,1109
959,255
1097,1858
2432,233
1833,631
1594,2092
1915,1189
1523,1773
1849,2416
297,1192
1376,1281
2020,1714
116,2285
1821,1242
442,101
1147,1659
940,1995
897,1922
746,1086
555,694
31,1277
988,314
883,526
35,1452
747,315
1179,1041
150,558
2106,930
1195,1380
593,577
2227,124
1393,2143
440,193
1819,1053
1392,1084
1491,734
884,1134
1356,1503
713,53
469,1748
1341,1399
964,2501
747,1701
1136,1796
585,506
1403,278
366,1451
1424,887
985,1085
569,408
179,23
1337,1786
2270,2360
2097,62
0,2186
339,223
44,1941
106,1134
652,47
913,1031
886,2501
245,2448
1276,707
551,625
2445,419
505,1247
431,1678
1131,689
1228,2168
1036,1145
2319,199
2282,227
1818,43
766,1297
638,1666
334,2307
534,601
354,651
2000,1653
1865,555
2101,715
844,1657
1928,396
1119,1872
1018,1706
2182,1143
700,1968
2390,342
728,132
1720,1297
2020,690
1363,2083
2020,2071
1194,1111
424,2440
1632,1188
2031,112
2008,397
367,1924
1529,594
2206,1771
1851,1132
1403,972
1620,819
1158,367
1391,1607
2230,440
656,2239
1747,411
1555,1806
2062,2408
1487,2137
164,2051
385,2145
2333,235
1419,482
1006,805
2105,1057
2242,2453
1267,1279
2134,1229
530,623
647,1727
1599,145
2169,1544
1481,761
2413,2336
2211,499
1671,1147
2200,831
2042,1906
1686,1180
1474,2166
216,2141
1532,840
305,1005
1861,45
936,2392
2257,2392
1575,551
1846,1762
0,314
357,817
1983,1576
344,1760
1388,2198
1130,1738
2463,1327
1934,1192
435,93
2125,1867
2108,1300
1888,858
1278,1432
1301,1337
896,816
773,2191
1398,621
392,79
0,669
1554,900
2011,170
1242,985
2022,240
1988,616
455,1683
2336,430
1095,2366
46,148
154,1657
2411,1650
75,1545
231,1951
559,2230
0,1026
2129,1958
822,661
1858,1433
1441,1982
416,2425
2083,845
1579,1654
635,2276
1901,1713
2432,1422
1709,1291
2200,139
897,1150
1153,2334
31,2068
1169,1740
801,1102
436,2295
1563,157
865,2055
635,876
184,1628
1615,220
110,2285
122,1784
35,1028
529,1323
550,1068
1767,2032
2485,827
1858,786
1337,2379
1892,2270
1461,1592
1935,2169
1836,1073
530,950
1822,137
1019,2209
2112,1704
698,719
135,1936
1895,1537
2270,1575
109,453
614,126
787,2125
1694,17
1523,1570
1276,650
300,1184
1036,2406
144,2499
1294,2245
2382,49
1562,586
1165,2367
1757,1260
776,1449
1063,758
319,2236
595,1079
1192,1343
1048,1032
2079,2349
498,1046
427,39
445,1744
1109,2167
1295,486
2194,947
2101,861
1681,126
1341,2141
2121,2486
191,188
959,131
1597,2144
1773,870
1051,218
948,184
467,706
2083,76
2260,125
963,825
2198,612
2256,864
1593,1714
733,1968
5,783
531,263
1988,2322
360,1637
646,328
575,1222
1642,1452
929,1520
733,1632
390,2018
1850,1869
288,1216
1492,246
1099,594
812,1321
732,907
591,715
825,1532
930,2333
303,1627
2170,2068
1535,1992
1271,1934
2473,999
1444,271
2337,1264
463,90
1144,203
953,1206
768,547
281,2501
979,205
1776,1340
729,44
51,278
1178,509
2053,22
1737,111
2086,335
622,1621
1681,247
1966,2231
2368,522
2284,1186
2316,2428
481,1297
770,2293
1632,908
981,815
1457,1750
126,291
2410,2330
906,952
1852,1172
1456,1781
1669,983
475,1647
832,858
505,1414
2184,1431
1464,1594
412,906
1269,1478
1807,376
1144,1509
1697,2346
2195,2147
508,913
1856,1085
260,2123
975,303
2236,2048
2463,556
884,663
1448,931
922,613
1448,1059
1771,2147
288,444
130,1000
1569,179
680,1665
2159,142
1423,1341
2021,830
1005,2384
479,1284
1819,1314
2094,2190
1897,1836
2128,599
525,2129
516,2284
1803,1798
170,2071
1154,1864
2162,589
1631,983
939,325
1500,1598
1951,920
1107,325
571,421
111,2093
1515,862
1119,1060
2462,522
781,531
2473,1619
247,1182
663,1620
727,241
660,1190
496,1727
1402,1597
1042,1699
914,2360
447,477
1675,299
1149,800
2081,2050
2478,1720
1029,1822
1205,193
802,1185
1986,1405
818,1376
2256,197
1666,833
301,606
1206,1541
850,661
1896,1413
994,1754
1890,920
311,2058
1680,478
1929,2501
195,885
1791,930
142,2394
2341,718
1890,1582
2483,2017
275,1513
1148,180
480,459
1643,1785
2229,106
1863,2080
1906,1059
2444,2211
1704,1157
149,536
871,47
1420,2376
1332,1067
964,2167
320,1073
1845,286
1422,2095
2464,182
965,43
2284,1986
20,1605
2070,2176
1818,119
921,1900
577,1860
1927,1018
1285,2154
1197,1263
1321,1387
1397,1438
1369,1019
1958,1819
1284,649
681,646
881,177
634,296
954,469
868,1253
1704,592
667,687
1196,2163
13,2301
467,911
709,354
2055,1865
1975,1517
2083,2367
1231,1469
2317,2493
495,1713
2089,662
2287,1110
2192,2157
