0,669,1417,2501
0,197,1117,1416,2501
0,991,812,1485,2501
0,1222,2147,279,2501
0,1827,1218,767,2501
0,2101,963,571,2501
0,2215,1958,1506,2501
0,1118,1857,1371,319,2501
0,1331,986,1321,1315,2501
0,946,323,1070,1712,1669,2501
0,1871,2141,2,1342,639,2501
0,2377,844,270,2054,1437,2501
0,2390,1387,646,2151,2104,2501
0,2438,43,1290,651,54,2501
0,442,2042,122,1146,915,1954,2501
0,545,2366,2466,2326,1463,1549,2501
0,930,618,1362,283,2458,1625,2501
0,1751,231,2336,235,1841,271,2501
0,2207,1597,1418,850,832,1306,2501
0,2426,983,1722,1874,1269,53,2501
0,315,1249,51,2017,2072,2102,2209,2501
0,815,1325,1436,1473,1674,1924,1593,2501
0,1655,1659,441,569,1778,189,1559,2501
0,318,877,1187,2026,1424,751,1685,924,2501
0,1763,114,1296,636,1830,1595,2351,2098,2501
0,798,2457,2463,68,1891,677,233,832,1541,2501
0,833,1153,799,1004,2229,2230,1601,1947,2299,2501
0,1501,1094,2402,1070,629,913,1772,381,2424,2501
0,2067,1055,1986,700,596,1101,1982,1190,1327,2501
0,2094,400,958,2093,2363,626,769,500,1925,2501
0,2356,415,2195,1070,1862,1,1353,1235,1850,2501
0,1012,1568,1521,581,2073,394,2468,840,761,1087,2501
0,2385,841,1720,306,555,731,602,1988,970,996,2501
0,363,2346,2218,1622,374,882,873,82,452,468,2354,2501
0,1665,904,1500,1491,1148,1354,1800,2266,1633,559,2277,1667,2501
0,1085,183,1513,1071,1358,1132,2073,648,1131,1621,2228,1783,1141,2501
0,1168,275,2444,698,399,2236,733,2240,529,2104,839,1351,796,2501
0,705,1815,1127,2136,813,1386,50,609,857,6,317,2163,2137,2376,45,2501
